#T[K]      <M>[μB]           <M^2>           <M^4>        U_{Binder}          \chi         C_v[K_B]          <E>       <E_{exc}>     <E_{lsf}>         Cv_new[K_B]
0000  1.63044352E+00  2.65834607E+00  7.06680383E+00  6.66666667E-01  1.98355717E-04  9.74617697E+02 -1.23239244E+01 -1.23239244E+01  0.00000000E+00  9.98701671E-01
0001  1.62990524E+00  2.65659110E+00  7.05747626E+00  6.66666667E-01  2.52048467E-06  1.07679317E+00 -1.23175990E+01 -1.23175990E+01  0.00000000E+00  9.98980255E-01
0010  1.62488270E+00  2.64024379E+00  6.97088736E+00  6.66666663E-01  4.57291578E-05  1.05564835E+00 -1.22605116E+01 -1.22605116E+01  0.00000000E+00  1.00258657E+00
0020  1.61933025E+00  2.62223047E+00  6.87609298E+00  6.66666651E-01  9.08178241E-05  1.07146737E+00 -1.21969342E+01 -1.21969342E+01  0.00000000E+00  1.00522927E+00
0040  1.60817312E+00  2.58622084E+00  6.68853899E+00  6.66666630E-01  1.05410547E-04  1.03101353E+00 -1.20692392E+01 -1.20692392E+01  0.00000000E+00  1.01053495E+00
0060  1.59640977E+00  2.54852466E+00  6.49498311E+00  6.66666403E-01  4.97827757E-04  1.03450439E+00 -1.19409203E+01 -1.19409203E+01  0.00000000E+00  1.01593272E+00
0080  1.58491874E+00  2.51196828E+00  6.30999328E+00  6.66666212E-01  6.34009994E-04  9.61009915E-01 -1.18118578E+01 -1.18118578E+01  0.00000000E+00  1.02225533E+00
0100  1.57381262E+00  2.47688648E+00  6.13496963E+00  6.66666504E-01  1.78664692E-04  1.09274195E+00 -1.16819371E+01 -1.16819371E+01  0.00000000E+00  1.02810309E+00
0120  1.56226989E+00  2.44068773E+00  5.95696177E+00  6.66666378E-01  2.60224173E-04  1.01321347E+00 -1.15513931E+01 -1.15513931E+01  0.00000000E+00  1.03379612E+00
0140  1.55099235E+00  2.40557811E+00  5.78681408E+00  6.66666202E-01  3.53990257E-04  1.06215751E+00 -1.14200301E+01 -1.14200301E+01  0.00000000E+00  1.04065949E+00
0160  1.53863502E+00  2.36739927E+00  5.60459399E+00  6.66665793E-01  5.73992009E-04  1.00444321E+00 -1.12877473E+01 -1.12877473E+01  0.00000000E+00  1.04755878E+00
0180  1.52674008E+00  2.33093680E+00  5.43328050E+00  6.66665798E-01  4.99209259E-04  1.03868629E+00 -1.11546364E+01 -1.11546364E+01  0.00000000E+00  1.05450938E+00
0200  1.51457245E+00  2.29393091E+00  5.26212997E+00  6.66665973E-01  3.52951322E-04  1.05591983E+00 -1.10205927E+01 -1.10205927E+01  0.00000000E+00  1.06210851E+00
0220  1.50216865E+00  2.25651190E+00  5.09185705E+00  6.66665939E-01  3.31141033E-04  1.08551918E+00 -1.08855566E+01 -1.08855566E+01  0.00000000E+00  1.06875044E+00
0240  1.48911993E+00  2.21748124E+00  4.91725035E+00  6.66664815E-01  7.59211968E-04  1.03630792E+00 -1.07498302E+01 -1.07498302E+01  0.00000000E+00  1.07667008E+00
0260  1.47593062E+00  2.17837615E+00  4.74536581E+00  6.66663634E-01  1.12822426E-03  1.06543553E+00 -1.06127877E+01 -1.06127877E+01  0.00000000E+00  1.08598702E+00
0280  1.46277137E+00  2.13970498E+00  4.57837940E+00  6.66663608E-01  1.03726667E-03  1.03107034E+00 -1.04747009E+01 -1.04747009E+01  0.00000000E+00  1.09457886E+00
0300  1.45073985E+00  2.10464972E+00  4.42958084E+00  6.66664379E-01  7.12591143E-04  1.13059905E+00 -1.03354817E+01 -1.03354817E+01  0.00000000E+00  1.10466432E+00
0320  1.43623579E+00  2.06277847E+00  4.25509813E+00  6.66663289E-01  9.66105203E-04  1.06584067E+00 -1.01948398E+01 -1.01948398E+01  0.00000000E+00  1.11255199E+00
0340  1.42256579E+00  2.02369840E+00  4.09539542E+00  6.66663396E-01  8.63896701E-04  1.08377225E+00 -1.00536223E+01 -1.00536223E+01  0.00000000E+00  1.12267534E+00
0360  1.40930466E+00  1.98614512E+00  3.94481598E+00  6.66662987E-01  9.00732936E-04  1.12965537E+00 -9.91041570E+00 -9.91041570E+00  0.00000000E+00  1.13537025E+00
0380  1.39621150E+00  1.94941405E+00  3.80027350E+00  6.66661545E-01  1.16692089E-03  1.09167000E+00 -9.76598201E+00 -9.76598201E+00  0.00000000E+00  1.14539441E+00
0400  1.38120701E+00  1.90773890E+00  3.63951418E+00  6.66662411E-01  9.01130654E-04  1.10953891E+00 -9.62023584E+00 -9.62023584E+00  0.00000000E+00  1.15787206E+00
0420  1.36415416E+00  1.86093142E+00  3.46317622E+00  6.66656035E-01  2.09297288E-03  1.09466760E+00 -9.47264100E+00 -9.47264100E+00  0.00000000E+00  1.16954520E+00
0440  1.34953010E+00  1.82124414E+00  3.31702215E+00  6.66657427E-01  1.69797613E-03  1.18173157E+00 -9.32393750E+00 -9.32393750E+00  0.00000000E+00  1.18294949E+00
0460  1.33638686E+00  1.78594009E+00  3.18965508E+00  6.66659029E-01  1.31709026E-03  1.22590520E+00 -9.17294675E+00 -9.17294675E+00  0.00000000E+00  1.19807500E+00
0480  1.31884309E+00  1.73936913E+00  3.02555778E+00  6.66649830E-01  2.71363668E-03  1.26199706E+00 -9.02041128E+00 -9.02041128E+00  0.00000000E+00  1.21113786E+00
0500  1.30201625E+00  1.69528145E+00  2.87421645E+00  6.66639150E-01  4.15455833E-03  1.28595269E+00 -8.86611112E+00 -8.86611112E+00  0.00000000E+00  1.22718507E+00
0520  1.28909309E+00  1.66177402E+00  2.76157935E+00  6.66656230E-01  1.48071254E-03  1.28104210E+00 -8.70951017E+00 -8.70951017E+00  0.00000000E+00  1.24136424E+00
0540  1.27111600E+00  1.61577285E+00  2.61095937E+00  6.66636348E-01  4.04703311E-03  1.24183154E+00 -8.55161779E+00 -8.55161779E+00  0.00000000E+00  1.25723691E+00
0560  1.25404980E+00  1.57265686E+00  2.47334981E+00  6.66653163E-01  1.68701784E-03  1.19812081E+00 -8.39099558E+00 -8.39099558E+00  0.00000000E+00  1.27418341E+00
0580  1.23736025E+00  1.53107684E+00  2.34429677E+00  6.66652378E-01  1.67697381E-03  1.27452202E+00 -8.22880989E+00 -8.22880989E+00  0.00000000E+00  1.29414473E+00
0600  1.22013173E+00  1.48873815E+00  2.21644074E+00  6.66651709E-01  1.64727381E-03  1.36245013E+00 -8.06313058E+00 -8.06313058E+00  0.00000000E+00  1.31310039E+00
0620  1.19943928E+00  1.43868802E+00  2.07001428E+00  6.66635896E-01  3.18849359E-03  1.35311115E+00 -7.89614257E+00 -7.89614257E+00  0.00000000E+00  1.33089739E+00
0640  1.18116016E+00  1.39515894E+00  1.94657780E+00  6.66647944E-01  1.81347772E-03  1.49639136E+00 -7.72595448E+00 -7.72595448E+00  0.00000000E+00  1.35164306E+00
0660  1.16256002E+00  1.35157355E+00  1.82690092E+00  6.66639320E-01  2.48645884E-03  1.43365203E+00 -7.55371066E+00 -7.55371066E+00  0.00000000E+00  1.36698910E+00
0680  1.14006264E+00  1.29979358E+00  1.68972640E+00  6.66614764E-01  4.41340930E-03  1.43193314E+00 -7.37963473E+00 -7.37963473E+00  0.00000000E+00  1.38610856E+00
0700  1.12011358E+00  1.25467754E+00  1.57433167E+00  6.66642118E-01  1.95299531E-03  1.55100462E+00 -7.20254709E+00 -7.20254709E+00  0.00000000E+00  1.41386748E+00
0720  1.10038088E+00  1.21086119E+00  1.46629663E+00  6.66641250E-01  1.89918962E-03  1.44062814E+00 -7.02143858E+00 -7.02143858E+00  0.00000000E+00  1.43618551E+00
0740  1.07045928E+00  1.14594385E+00  1.31346502E+00  6.66596175E-01  4.85743249E-03  1.49888485E+00 -6.83869678E+00 -6.83869678E+00  0.00000000E+00  1.45813539E+00
0760  1.04560189E+00  1.09342776E+00  1.19621016E+00  6.66492165E-01  1.12400544E-02  1.62059350E+00 -6.65202738E+00 -6.65202738E+00  0.00000000E+00  1.48503306E+00
0780  1.02357516E+00  1.04777216E+00  1.09810276E+00  6.66582788E-01  5.00910345E-03  1.49421751E+00 -6.46247119E+00 -6.46247119E+00  0.00000000E+00  1.50951171E+00
0800  9.99636414E-01  9.99313587E-01  9.98789844E-01  6.66612526E-01  3.00324548E-03  1.54669161E+00 -6.26960025E+00 -6.26960025E+00  0.00000000E+00  1.54190801E+00
0820  9.70327775E-01  9.41617355E-01  8.86947893E-01  6.66552134E-01  5.86812251E-03  1.52033852E+00 -6.07183662E+00 -6.07183662E+00  0.00000000E+00  1.56880601E+00
0840  9.42963757E-01  8.89244779E-01  7.90983659E-01  6.66570817E-01  4.51510393E-03  1.64492819E+00 -5.87215121E+00 -5.87215121E+00  0.00000000E+00  1.60048511E+00
0860  9.07338547E-01  8.23342956E-01  6.78155528E-01  6.66537883E-01  5.48195087E-03  1.70605112E+00 -5.66636184E+00 -5.66636184E+00  0.00000000E+00  1.63923303E+00
0880  8.70466039E-01  7.57929688E-01  5.75112159E-01  6.66286744E-01  1.46882813E-02  1.70706055E+00 -5.45685984E+00 -5.45685984E+00  0.00000000E+00  1.68098074E+00
0900  8.30432065E-01  6.89796857E-01  4.76312927E-01  6.66321142E-01  1.17913399E-02  1.70205259E+00 -5.24049390E+00 -5.24049390E+00  0.00000000E+00  1.72347577E+00
0920  8.01234286E-01  6.42116682E-01  4.12672155E-01  6.66376982E-01  9.01885636E-03  1.83239613E+00 -5.02022600E+00 -5.02022600E+00  0.00000000E+00  1.77802697E+00
0940  7.54275672E-01  5.69230289E-01  3.24697134E-01  6.65973288E-01  1.87799252E-02  1.83668391E+00 -4.79003979E+00 -4.79003979E+00  0.00000000E+00  1.83722863E+00
0960  7.06568951E-01  4.99472547E-01  2.49932678E-01  6.66052234E-01  1.43453179E-02  1.68860699E+00 -4.55477345E+00 -4.55477345E+00  0.00000000E+00  1.89540406E+00
0980  6.49747287E-01  4.22444579E-01  1.78916299E-01  6.65813294E-01  1.64771708E-02  2.06239208E+00 -4.30984879E+00 -4.30984879E+00  0.00000000E+00  1.98146507E+00
1000  5.85341048E-01  3.42939566E-01  1.18031089E-01  6.65466224E-01  1.86540037E-02  2.23728614E+00 -4.05277933E+00 -4.05277933E+00  0.00000000E+00  2.08995404E+00
1020  5.07182896E-01  2.57750560E-01  6.69578849E-02  6.64044902E-01  2.99217454E-02  2.10561273E+00 -3.78036954E+00 -3.78036954E+00  0.00000000E+00  2.23059601E+00
1040  3.95890713E-01  1.57775875E-01  2.55222187E-02  6.58244137E-01  5.95046593E-02  2.40217638E+00 -3.48766915E+00 -3.48766915E+00  0.00000000E+00  2.41615447E+00
1050  3.00283703E-01  9.22426222E-02  9.24025885E-03  6.38007476E-01  1.16720271E-01  2.44766728E+00 -3.33129907E+00 -3.33129907E+00  0.00000000E+00  2.56807544E+00
1060  1.62288138E-01  2.92970183E-02  1.16181804E-03  5.48799037E-01  1.65121179E-01  2.63141666E+00 -3.16236471E+00 -3.16236471E+00  0.00000000E+00  2.37734298E+00
1080  6.40611693E-02  4.90092869E-03  4.03372780E-05  4.40205579E-01  4.36480923E-02  1.43002910E+00 -2.93467048E+00 -2.93467048E+00  0.00000000E+00  1.51432897E+00
1100  3.93467446E-02  1.82171052E-03  5.42033291E-06  4.55565077E-01  1.47066452E-02  1.15480788E+00 -2.77871715E+00 -2.77871715E+00  0.00000000E+00  1.10958970E+00
1120  3.10428628E-02  1.13876282E-03  2.20428024E-06  4.33396839E-01  9.24603582E-03  9.00676277E-01 -2.65356156E+00 -2.65356156E+00  0.00000000E+00  9.18673938E-01
1140  2.55798691E-02  7.67384611E-04  9.73885297E-07  4.48735047E-01  5.86493688E-03  8.05087973E-01 -2.54597577E+00 -2.54597577E+00  0.00000000E+00  8.08407115E-01
1160  2.23465324E-02  5.90047998E-04  5.94831863E-07  4.30494022E-01  4.62311432E-03  7.01047609E-01 -2.44875572E+00 -2.44875572E+00  0.00000000E+00  7.21023482E-01
1180  1.98555413E-02  4.65561118E-04  3.61119470E-07  4.44637891E-01  3.57437047E-03  6.00779123E-01 -2.36330813E+00 -2.36330813E+00  0.00000000E+00  6.47043788E-01
1200  1.90418366E-02  4.25438137E-04  2.98084568E-07  4.51034057E-01  3.09727154E-03  5.70134658E-01 -2.28483046E+00 -2.28483046E+00  0.00000000E+00  5.89254748E-01
1220  1.71464554E-02  3.45735388E-04  1.96398624E-07  4.52316674E-01  2.50783425E-03  5.50550139E-01 -2.21402343E+00 -2.21402343E+00  0.00000000E+00  5.39781288E-01
1240  1.58845533E-02  2.93145579E-04  1.38874116E-07  4.61316894E-01  1.94715144E-03  5.21430113E-01 -2.14807961E+00 -2.14807961E+00  0.00000000E+00  5.03770581E-01
1260  1.50409748E-02  2.64821683E-04  1.14287640E-07  4.56786031E-01  1.81130484E-03  5.07252701E-01 -2.08639571E+00 -2.08639571E+00  0.00000000E+00  4.66834297E-01
1280  1.43782189E-02  2.41164291E-04  9.34814886E-08  4.64230041E-01  1.59081572E-03  4.28389709E-01 -2.02980951E+00 -2.02980951E+00  0.00000000E+00  4.37214166E-01
1300  1.34845430E-02  2.15623391E-04  7.82020836E-08  4.39332571E-01  1.53719848E-03  4.28406661E-01 -1.97562972E+00 -1.97562972E+00  0.00000000E+00  4.06891711E-01
1320  1.31066965E-02  2.02593797E-04  6.99221658E-08  4.32139933E-01  1.38029733E-03  3.58572958E-01 -1.92672556E+00 -1.92672556E+00  0.00000000E+00  3.79088865E-01
1340  1.25210042E-02  1.84774000E-04  5.76389381E-08  4.37253249E-01  1.23568567E-03  3.51150878E-01 -1.87958948E+00 -1.87958948E+00  0.00000000E+00  3.61346611E-01
1360  1.17715859E-02  1.65639059E-04  4.80805734E-08  4.15852024E-01  1.17708888E-03  3.39345878E-01 -1.83518023E+00 -1.83518023E+00  0.00000000E+00  3.43574437E-01
1380  1.16397952E-02  1.60792542E-04  4.48316846E-08  4.21994459E-01  1.08455740E-03  3.42614764E-01 -1.79254664E+00 -1.79254664E+00  0.00000000E+00  3.25785330E-01
1400  1.13037419E-02  1.51665541E-04  3.92632541E-08  4.31027605E-01  1.00921653E-03  2.82359151E-01 -1.75264417E+00 -1.75264417E+00  0.00000000E+00  3.10092259E-01
1420  1.08087659E-02  1.38228494E-04  3.24187174E-08  4.34439039E-01  8.91221015E-04  2.95586545E-01 -1.71398634E+00 -1.71398634E+00  0.00000000E+00  2.93500255E-01
1440  1.05928297E-02  1.31767017E-04  2.90699786E-08  4.41902565E-01  8.03271605E-04  2.89415864E-01 -1.67828737E+00 -1.67828737E+00  0.00000000E+00  2.78008490E-01
1460  1.02137157E-02  1.21984934E-04  2.44480745E-08  4.52340011E-01  7.15547104E-04  2.47108929E-01 -1.64355430E+00 -1.64355430E+00  0.00000000E+00  2.66766938E-01
1480  1.01937188E-02  1.23228054E-04  2.56316542E-08  4.37352753E-01  7.71858434E-04  2.58258937E-01 -1.61070332E+00 -1.61070332E+00  0.00000000E+00  2.55599318E-01
1500  9.83225901E-03  1.14434105E-04  2.24511600E-08  4.28512707E-01  7.00244548E-04  2.38267508E-01 -1.57879951E+00 -1.57879951E+00  0.00000000E+00  2.43999125E-01
1520  9.94559675E-03  1.17024895E-04  2.36794432E-08  4.23640165E-01  7.04617879E-04  2.25577606E-01 -1.54888738E+00 -1.54888738E+00  0.00000000E+00  2.32477718E-01
1540  9.31147084E-03  1.02447102E-04  1.77170022E-08  4.37309440E-01  6.04592090E-04  2.29531587E-01 -1.51990246E+00 -1.51990246E+00  0.00000000E+00  2.21796312E-01
1560  9.20623347E-03  1.00011313E-04  1.66453386E-08  4.45280895E-01  5.78377404E-04  2.05854657E-01 -1.49269641E+00 -1.49269641E+00  0.00000000E+00  2.13159036E-01
1580  9.22988634E-03  1.00387764E-04  1.66552460E-08  4.49105753E-01  5.68824731E-04  2.00311407E-01 -1.46589970E+00 -1.46589970E+00  0.00000000E+00  2.05938564E-01
1600  1.74161943E-02  3.63277228E-04  2.29318946E-07  4.20781623E-01  2.21601471E-03  5.51954609E-01 -1.44052292E+00 -1.44052292E+00  0.00000000E+00  2.00333833E-01