# k(0:nx, 0:ny, 0:nz) <= 1944
# nx, ny, nz
 18 18 12
#
     1   217   433   649   865  1081  1297  1513  1729   109   325   541
   757   973  1189  1405  1621  1837     1    13   229   445   661   877
  1093  1309  1525  1741   121   337   553   769   985  1201  1417  1633
  1849    13    25   241   457   673   889  1105  1321  1537  1753   133
   349   565   781   997  1213  1429  1645  1861    25    37   253   469
   685   901  1117  1333  1549  1765   145   361   577   793  1009  1225
  1441  1657  1873    37    49   265   481   697   913  1129  1345  1561
  1777   157   373   589   805  1021  1237  1453  1669  1885    49    61
   277   493   709   925  1141  1357  1573  1789   169   385   601   817
  1033  1249  1465  1681  1897    61    73   289   505   721   937  1153
  1369  1585  1801   181   397   613   829  1045  1261  1477  1693  1909
    73    85   301   517   733   949  1165  1381  1597  1813   193   409
   625   841  1057  1273  1489  1705  1921    85    97   313   529   745
   961  1177  1393  1609  1825   205   421   637   853  1069  1285  1501
  1717  1933    97   109   325   541   757   973  1189  1405  1621  1837
     1   217   433   649   865  1081  1297  1513  1729   109   121   337
   553   769   985  1201  1417  1633  1849    13   229   445   661   877
  1093  1309  1525  1741   121   133   349   565   781   997  1213  1429
  1645  1861    25   241   457   673   889  1105  1321  1537  1753   133
   145   361   577   793  1009  1225  1441  1657  1873    37   253   469
   685   901  1117  1333  1549  1765   145   157   373   589   805  1021
  1237  1453  1669  1885    49   265   481   697   913  1129  1345  1561
  1777   157   169   385   601   817  1033  1249  1465  1681  1897    61
   277   493   709   925  1141  1357  1573  1789   169   181   397   613
   829  1045  1261  1477  1693  1909    73   289   505   721   937  1153
  1369  1585  1801   181   193   409   625   841  1057  1273  1489  1705
  1921    85   301   517   733   949  1165  1381  1597  1813   193   205
   421   637   853  1069  1285  1501  1717  1933    97   313   529   745
   961  1177  1393  1609  1825   205     1   217   433   649   865  1081
  1297  1513  1729   109   325   541   757   973  1189  1405  1621  1837
     1     2   218   434   650   866  1082  1298  1514  1730   110   326
   542   758   974  1190  1406  1622  1838     2    14   230   446   662
   878  1094  1310  1526  1742   122   338   554   770   986  1202  1418
  1634  1850    14    26   242   458   674   890  1106  1322  1538  1754
   134   350   566   782   998  1214  1430  1646  1862    26    38   254
   470   686   902  1118  1334  1550  1766   146   362   578   794  1010
  1226  1442  1658  1874    38    50   266   482   698   914  1130  1346
  1562  1778   158   374   590   806  1022  1238  1454  1670  1886    50
    62   278   494   710   926  1142  1358  1574  1790   170   386   602
   818  1034  1250  1466  1682  1898    62    74   290   506   722   938
  1154  1370  1586  1802   182   398   614   830  1046  1262  1478  1694
  1910    74    86   302   518   734   950  1166  1382  1598  1814   194
   410   626   842  1058  1274  1490  1706  1922    86    98   314   530
   746   962  1178  1394  1610  1826   206   422   638   854  1070  1286
  1502  1718  1934    98   110   326   542   758   974  1190  1406  1622
  1838     2   218   434   650   866  1082  1298  1514  1730   110   122
   338   554   770   986  1202  1418  1634  1850    14   230   446   662
   878  1094  1310  1526  1742   122   134   350   566   782   998  1214
  1430  1646  1862    26   242   458   674   890  1106  1322  1538  1754
   134   146   362   578   794  1010  1226  1442  1658  1874    38   254
   470   686   902  1118  1334  1550  1766   146   158   374   590   806
  1022  1238  1454  1670  1886    50   266   482   698   914  1130  1346
  1562  1778   158   170   386   602   818  1034  1250  1466  1682  1898
    62   278   494   710   926  1142  1358  1574  1790   170   182   398
   614   830  1046  1262  1478  1694  1910    74   290   506   722   938
  1154  1370  1586  1802   182   194   410   626   842  1058  1274  1490
  1706  1922    86   302   518   734   950  1166  1382  1598  1814   194
   206   422   638   854  1070  1286  1502  1718  1934    98   314   530
   746   962  1178  1394  1610  1826   206     2   218   434   650   866
  1082  1298  1514  1730   110   326   542   758   974  1190  1406  1622
  1838     2     3   219   435   651   867  1083  1299  1515  1731   111
   327   543   759   975  1191  1407  1623  1839     3    15   231   447
   663   879  1095  1311  1527  1743   123   339   555   771   987  1203
  1419  1635  1851    15    27   243   459   675   891  1107  1323  1539
  1755   135   351   567   783   999  1215  1431  1647  1863    27    39
   255   471   687   903  1119  1335  1551  1767   147   363   579   795
  1011  1227  1443  1659  1875    39    51   267   483   699   915  1131
  1347  1563  1779   159   375   591   807  1023  1239  1455  1671  1887
    51    63   279   495   711   927  1143  1359  1575  1791   171   387
   603   819  1035  1251  1467  1683  1899    63    75   291   507   723
   939  1155  1371  1587  1803   183   399   615   831  1047  1263  1479
  1695  1911    75    87   303   519   735   951  1167  1383  1599  1815
   195   411   627   843  1059  1275  1491  1707  1923    87    99   315
   531   747   963  1179  1395  1611  1827   207   423   639   855  1071
  1287  1503  1719  1935    99   111   327   543   759   975  1191  1407
  1623  1839     3   219   435   651   867  1083  1299  1515  1731   111
   123   339   555   771   987  1203  1419  1635  1851    15   231   447
   663   879  1095  1311  1527  1743   123   135   351   567   783   999
  1215  1431  1647  1863    27   243   459   675   891  1107  1323  1539
  1755   135   147   363   579   795  1011  1227  1443  1659  1875    39
   255   471   687   903  1119  1335  1551  1767   147   159   375   591
   807  1023  1239  1455  1671  1887    51   267   483   699   915  1131
  1347  1563  1779   159   171   387   603   819  1035  1251  1467  1683
  1899    63   279   495   711   927  1143  1359  1575  1791   171   183
   399   615   831  1047  1263  1479  1695  1911    75   291   507   723
   939  1155  1371  1587  1803   183   195   411   627   843  1059  1275
  1491  1707  1923    87   303   519   735   951  1167  1383  1599  1815
   195   207   423   639   855  1071  1287  1503  1719  1935    99   315
   531   747   963  1179  1395  1611  1827   207     3   219   435   651
   867  1083  1299  1515  1731   111   327   543   759   975  1191  1407
  1623  1839     3     4   220   436   652   868  1084  1300  1516  1732
   112   328   544   760   976  1192  1408  1624  1840     4    16   232
   448   664   880  1096  1312  1528  1744   124   340   556   772   988
  1204  1420  1636  1852    16    28   244   460   676   892  1108  1324
  1540  1756   136   352   568   784  1000  1216  1432  1648  1864    28
    40   256   472   688   904  1120  1336  1552  1768   148   364   580
   796  1012  1228  1444  1660  1876    40    52   268   484   700   916
  1132  1348  1564  1780   160   376   592   808  1024  1240  1456  1672
  1888    52    64   280   496   712   928  1144  1360  1576  1792   172
   388   604   820  1036  1252  1468  1684  1900    64    76   292   508
   724   940  1156  1372  1588  1804   184   400   616   832  1048  1264
  1480  1696  1912    76    88   304   520   736   952  1168  1384  1600
  1816   196   412   628   844  1060  1276  1492  1708  1924    88   100
   316   532   748   964  1180  1396  1612  1828   208   424   640   856
  1072  1288  1504  1720  1936   100   112   328   544   760   976  1192
  1408  1624  1840     4   220   436   652   868  1084  1300  1516  1732
   112   124   340   556   772   988  1204  1420  1636  1852    16   232
   448   664   880  1096  1312  1528  1744   124   136   352   568   784
  1000  1216  1432  1648  1864    28   244   460   676   892  1108  1324
  1540  1756   136   148   364   580   796  1012  1228  1444  1660  1876
    40   256   472   688   904  1120  1336  1552  1768   148   160   376
   592   808  1024  1240  1456  1672  1888    52   268   484   700   916
  1132  1348  1564  1780   160   172   388   604   820  1036  1252  1468
  1684  1900    64   280   496   712   928  1144  1360  1576  1792   172
   184   400   616   832  1048  1264  1480  1696  1912    76   292   508
   724   940  1156  1372  1588  1804   184   196   412   628   844  1060
  1276  1492  1708  1924    88   304   520   736   952  1168  1384  1600
  1816   196   208   424   640   856  1072  1288  1504  1720  1936   100
   316   532   748   964  1180  1396  1612  1828   208     4   220   436
   652   868  1084  1300  1516  1732   112   328   544   760   976  1192
  1408  1624  1840     4     5   221   437   653   869  1085  1301  1517
  1733   113   329   545   761   977  1193  1409  1625  1841     5    17
   233   449   665   881  1097  1313  1529  1745   125   341   557   773
   989  1205  1421  1637  1853    17    29   245   461   677   893  1109
  1325  1541  1757   137   353   569   785  1001  1217  1433  1649  1865
    29    41   257   473   689   905  1121  1337  1553  1769   149   365
   581   797  1013  1229  1445  1661  1877    41    53   269   485   701
   917  1133  1349  1565  1781   161   377   593   809  1025  1241  1457
  1673  1889    53    65   281   497   713   929  1145  1361  1577  1793
   173   389   605   821  1037  1253  1469  1685  1901    65    77   293
   509   725   941  1157  1373  1589  1805   185   401   617   833  1049
  1265  1481  1697  1913    77    89   305   521   737   953  1169  1385
  1601  1817   197   413   629   845  1061  1277  1493  1709  1925    89
   101   317   533   749   965  1181  1397  1613  1829   209   425   641
   857  1073  1289  1505  1721  1937   101   113   329   545   761   977
  1193  1409  1625  1841     5   221   437   653   869  1085  1301  1517
  1733   113   125   341   557   773   989  1205  1421  1637  1853    17
   233   449   665   881  1097  1313  1529  1745   125   137   353   569
   785  1001  1217  1433  1649  1865    29   245   461   677   893  1109
  1325  1541  1757   137   149   365   581   797  1013  1229  1445  1661
  1877    41   257   473   689   905  1121  1337  1553  1769   149   161
   377   593   809  1025  1241  1457  1673  1889    53   269   485   701
   917  1133  1349  1565  1781   161   173   389   605   821  1037  1253
  1469  1685  1901    65   281   497   713   929  1145  1361  1577  1793
   173   185   401   617   833  1049  1265  1481  1697  1913    77   293
   509   725   941  1157  1373  1589  1805   185   197   413   629   845
  1061  1277  1493  1709  1925    89   305   521   737   953  1169  1385
  1601  1817   197   209   425   641   857  1073  1289  1505  1721  1937
   101   317   533   749   965  1181  1397  1613  1829   209     5   221
   437   653   869  1085  1301  1517  1733   113   329   545   761   977
  1193  1409  1625  1841     5     6   222   438   654   870  1086  1302
  1518  1734   114   330   546   762   978  1194  1410  1626  1842     6
    18   234   450   666   882  1098  1314  1530  1746   126   342   558
   774   990  1206  1422  1638  1854    18    30   246   462   678   894
  1110  1326  1542  1758   138   354   570   786  1002  1218  1434  1650
  1866    30    42   258   474   690   906  1122  1338  1554  1770   150
   366   582   798  1014  1230  1446  1662  1878    42    54   270   486
   702   918  1134  1350  1566  1782   162   378   594   810  1026  1242
  1458  1674  1890    54    66   282   498   714   930  1146  1362  1578
  1794   174   390   606   822  1038  1254  1470  1686  1902    66    78
   294   510   726   942  1158  1374  1590  1806   186   402   618   834
  1050  1266  1482  1698  1914    78    90   306   522   738   954  1170
  1386  1602  1818   198   414   630   846  1062  1278  1494  1710  1926
    90   102   318   534   750   966  1182  1398  1614  1830   210   426
   642   858  1074  1290  1506  1722  1938   102   114   330   546   762
   978  1194  1410  1626  1842     6   222   438   654   870  1086  1302
  1518  1734   114   126   342   558   774   990  1206  1422  1638  1854
    18   234   450   666   882  1098  1314  1530  1746   126   138   354
   570   786  1002  1218  1434  1650  1866    30   246   462   678   894
  1110  1326  1542  1758   138   150   366   582   798  1014  1230  1446
  1662  1878    42   258   474   690   906  1122  1338  1554  1770   150
   162   378   594   810  1026  1242  1458  1674  1890    54   270   486
   702   918  1134  1350  1566  1782   162   174   390   606   822  1038
  1254  1470  1686  1902    66   282   498   714   930  1146  1362  1578
  1794   174   186   402   618   834  1050  1266  1482  1698  1914    78
   294   510   726   942  1158  1374  1590  1806   186   198   414   630
   846  1062  1278  1494  1710  1926    90   306   522   738   954  1170
  1386  1602  1818   198   210   426   642   858  1074  1290  1506  1722
  1938   102   318   534   750   966  1182  1398  1614  1830   210     6
   222   438   654   870  1086  1302  1518  1734   114   330   546   762
   978  1194  1410  1626  1842     6     7   223   439   655   871  1087
  1303  1519  1735   115   331   547   763   979  1195  1411  1627  1843
     7    19   235   451   667   883  1099  1315  1531  1747   127   343
   559   775   991  1207  1423  1639  1855    19    31   247   463   679
   895  1111  1327  1543  1759   139   355   571   787  1003  1219  1435
  1651  1867    31    43   259   475   691   907  1123  1339  1555  1771
   151   367   583   799  1015  1231  1447  1663  1879    43    55   271
   487   703   919  1135  1351  1567  1783   163   379   595   811  1027
  1243  1459  1675  1891    55    67   283   499   715   931  1147  1363
  1579  1795   175   391   607   823  1039  1255  1471  1687  1903    67
    79   295   511   727   943  1159  1375  1591  1807   187   403   619
   835  1051  1267  1483  1699  1915    79    91   307   523   739   955
  1171  1387  1603  1819   199   415   631   847  1063  1279  1495  1711
  1927    91   103   319   535   751   967  1183  1399  1615  1831   211
   427   643   859  1075  1291  1507  1723  1939   103   115   331   547
   763   979  1195  1411  1627  1843     7   223   439   655   871  1087
  1303  1519  1735   115   127   343   559   775   991  1207  1423  1639
  1855    19   235   451   667   883  1099  1315  1531  1747   127   139
   355   571   787  1003  1219  1435  1651  1867    31   247   463   679
   895  1111  1327  1543  1759   139   151   367   583   799  1015  1231
  1447  1663  1879    43   259   475   691   907  1123  1339  1555  1771
   151   163   379   595   811  1027  1243  1459  1675  1891    55   271
   487   703   919  1135  1351  1567  1783   163   175   391   607   823
  1039  1255  1471  1687  1903    67   283   499   715   931  1147  1363
  1579  1795   175   187   403   619   835  1051  1267  1483  1699  1915
    79   295   511   727   943  1159  1375  1591  1807   187   199   415
   631   847  1063  1279  1495  1711  1927    91   307   523   739   955
  1171  1387  1603  1819   199   211   427   643   859  1075  1291  1507
  1723  1939   103   319   535   751   967  1183  1399  1615  1831   211
     7   223   439   655   871  1087  1303  1519  1735   115   331   547
   763   979  1195  1411  1627  1843     7     8   224   440   656   872
  1088  1304  1520  1736   116   332   548   764   980  1196  1412  1628
  1844     8    20   236   452   668   884  1100  1316  1532  1748   128
   344   560   776   992  1208  1424  1640  1856    20    32   248   464
   680   896  1112  1328  1544  1760   140   356   572   788  1004  1220
  1436  1652  1868    32    44   260   476   692   908  1124  1340  1556
  1772   152   368   584   800  1016  1232  1448  1664  1880    44    56
   272   488   704   920  1136  1352  1568  1784   164   380   596   812
  1028  1244  1460  1676  1892    56    68   284   500   716   932  1148
  1364  1580  1796   176   392   608   824  1040  1256  1472  1688  1904
    68    80   296   512   728   944  1160  1376  1592  1808   188   404
   620   836  1052  1268  1484  1700  1916    80    92   308   524   740
   956  1172  1388  1604  1820   200   416   632   848  1064  1280  1496
  1712  1928    92   104   320   536   752   968  1184  1400  1616  1832
   212   428   644   860  1076  1292  1508  1724  1940   104   116   332
   548   764   980  1196  1412  1628  1844     8   224   440   656   872
  1088  1304  1520  1736   116   128   344   560   776   992  1208  1424
  1640  1856    20   236   452   668   884  1100  1316  1532  1748   128
   140   356   572   788  1004  1220  1436  1652  1868    32   248   464
   680   896  1112  1328  1544  1760   140   152   368   584   800  1016
  1232  1448  1664  1880    44   260   476   692   908  1124  1340  1556
  1772   152   164   380   596   812  1028  1244  1460  1676  1892    56
   272   488   704   920  1136  1352  1568  1784   164   176   392   608
   824  1040  1256  1472  1688  1904    68   284   500   716   932  1148
  1364  1580  1796   176   188   404   620   836  1052  1268  1484  1700
  1916    80   296   512   728   944  1160  1376  1592  1808   188   200
   416   632   848  1064  1280  1496  1712  1928    92   308   524   740
   956  1172  1388  1604  1820   200   212   428   644   860  1076  1292
  1508  1724  1940   104   320   536   752   968  1184  1400  1616  1832
   212     8   224   440   656   872  1088  1304  1520  1736   116   332
   548   764   980  1196  1412  1628  1844     8     9   225   441   657
   873  1089  1305  1521  1737   117   333   549   765   981  1197  1413
  1629  1845     9    21   237   453   669   885  1101  1317  1533  1749
   129   345   561   777   993  1209  1425  1641  1857    21    33   249
   465   681   897  1113  1329  1545  1761   141   357   573   789  1005
  1221  1437  1653  1869    33    45   261   477   693   909  1125  1341
  1557  1773   153   369   585   801  1017  1233  1449  1665  1881    45
    57   273   489   705   921  1137  1353  1569  1785   165   381   597
   813  1029  1245  1461  1677  1893    57    69   285   501   717   933
  1149  1365  1581  1797   177   393   609   825  1041  1257  1473  1689
  1905    69    81   297   513   729   945  1161  1377  1593  1809   189
   405   621   837  1053  1269  1485  1701  1917    81    93   309   525
   741   957  1173  1389  1605  1821   201   417   633   849  1065  1281
  1497  1713  1929    93   105   321   537   753   969  1185  1401  1617
  1833   213   429   645   861  1077  1293  1509  1725  1941   105   117
   333   549   765   981  1197  1413  1629  1845     9   225   441   657
   873  1089  1305  1521  1737   117   129   345   561   777   993  1209
  1425  1641  1857    21   237   453   669   885  1101  1317  1533  1749
   129   141   357   573   789  1005  1221  1437  1653  1869    33   249
   465   681   897  1113  1329  1545  1761   141   153   369   585   801
  1017  1233  1449  1665  1881    45   261   477   693   909  1125  1341
  1557  1773   153   165   381   597   813  1029  1245  1461  1677  1893
    57   273   489   705   921  1137  1353  1569  1785   165   177   393
   609   825  1041  1257  1473  1689  1905    69   285   501   717   933
  1149  1365  1581  1797   177   189   405   621   837  1053  1269  1485
  1701  1917    81   297   513   729   945  1161  1377  1593  1809   189
   201   417   633   849  1065  1281  1497  1713  1929    93   309   525
   741   957  1173  1389  1605  1821   201   213   429   645   861  1077
  1293  1509  1725  1941   105   321   537   753   969  1185  1401  1617
  1833   213     9   225   441   657   873  1089  1305  1521  1737   117
   333   549   765   981  1197  1413  1629  1845     9    10   226   442
   658   874  1090  1306  1522  1738   118   334   550   766   982  1198
  1414  1630  1846    10    22   238   454   670   886  1102  1318  1534
  1750   130   346   562   778   994  1210  1426  1642  1858    22    34
   250   466   682   898  1114  1330  1546  1762   142   358   574   790
  1006  1222  1438  1654  1870    34    46   262   478   694   910  1126
  1342  1558  1774   154   370   586   802  1018  1234  1450  1666  1882
    46    58   274   490   706   922  1138  1354  1570  1786   166   382
   598   814  1030  1246  1462  1678  1894    58    70   286   502   718
   934  1150  1366  1582  1798   178   394   610   826  1042  1258  1474
  1690  1906    70    82   298   514   730   946  1162  1378  1594  1810
   190   406   622   838  1054  1270  1486  1702  1918    82    94   310
   526   742   958  1174  1390  1606  1822   202   418   634   850  1066
  1282  1498  1714  1930    94   106   322   538   754   970  1186  1402
  1618  1834   214   430   646   862  1078  1294  1510  1726  1942   106
   118   334   550   766   982  1198  1414  1630  1846    10   226   442
   658   874  1090  1306  1522  1738   118   130   346   562   778   994
  1210  1426  1642  1858    22   238   454   670   886  1102  1318  1534
  1750   130   142   358   574   790  1006  1222  1438  1654  1870    34
   250   466   682   898  1114  1330  1546  1762   142   154   370   586
   802  1018  1234  1450  1666  1882    46   262   478   694   910  1126
  1342  1558  1774   154   166   382   598   814  1030  1246  1462  1678
  1894    58   274   490   706   922  1138  1354  1570  1786   166   178
   394   610   826  1042  1258  1474  1690  1906    70   286   502   718
   934  1150  1366  1582  1798   178   190   406   622   838  1054  1270
  1486  1702  1918    82   298   514   730   946  1162  1378  1594  1810
   190   202   418   634   850  1066  1282  1498  1714  1930    94   310
   526   742   958  1174  1390  1606  1822   202   214   430   646   862
  1078  1294  1510  1726  1942   106   322   538   754   970  1186  1402
  1618  1834   214    10   226   442   658   874  1090  1306  1522  1738
   118   334   550   766   982  1198  1414  1630  1846    10    11   227
   443   659   875  1091  1307  1523  1739   119   335   551   767   983
  1199  1415  1631  1847    11    23   239   455   671   887  1103  1319
  1535  1751   131   347   563   779   995  1211  1427  1643  1859    23
    35   251   467   683   899  1115  1331  1547  1763   143   359   575
   791  1007  1223  1439  1655  1871    35    47   263   479   695   911
  1127  1343  1559  1775   155   371   587   803  1019  1235  1451  1667
  1883    47    59   275   491   707   923  1139  1355  1571  1787   167
   383   599   815  1031  1247  1463  1679  1895    59    71   287   503
   719   935  1151  1367  1583  1799   179   395   611   827  1043  1259
  1475  1691  1907    71    83   299   515   731   947  1163  1379  1595
  1811   191   407   623   839  1055  1271  1487  1703  1919    83    95
   311   527   743   959  1175  1391  1607  1823   203   419   635   851
  1067  1283  1499  1715  1931    95   107   323   539   755   971  1187
  1403  1619  1835   215   431   647   863  1079  1295  1511  1727  1943
   107   119   335   551   767   983  1199  1415  1631  1847    11   227
   443   659   875  1091  1307  1523  1739   119   131   347   563   779
   995  1211  1427  1643  1859    23   239   455   671   887  1103  1319
  1535  1751   131   143   359   575   791  1007  1223  1439  1655  1871
    35   251   467   683   899  1115  1331  1547  1763   143   155   371
   587   803  1019  1235  1451  1667  1883    47   263   479   695   911
  1127  1343  1559  1775   155   167   383   599   815  1031  1247  1463
  1679  1895    59   275   491   707   923  1139  1355  1571  1787   167
   179   395   611   827  1043  1259  1475  1691  1907    71   287   503
   719   935  1151  1367  1583  1799   179   191   407   623   839  1055
  1271  1487  1703  1919    83   299   515   731   947  1163  1379  1595
  1811   191   203   419   635   851  1067  1283  1499  1715  1931    95
   311   527   743   959  1175  1391  1607  1823   203   215   431   647
   863  1079  1295  1511  1727  1943   107   323   539   755   971  1187
  1403  1619  1835   215    11   227   443   659   875  1091  1307  1523
  1739   119   335   551   767   983  1199  1415  1631  1847    11    12
   228   444   660   876  1092  1308  1524  1740   120   336   552   768
   984  1200  1416  1632  1848    12    24   240   456   672   888  1104
  1320  1536  1752   132   348   564   780   996  1212  1428  1644  1860
    24    36   252   468   684   900  1116  1332  1548  1764   144   360
   576   792  1008  1224  1440  1656  1872    36    48   264   480   696
   912  1128  1344  1560  1776   156   372   588   804  1020  1236  1452
  1668  1884    48    60   276   492   708   924  1140  1356  1572  1788
   168   384   600   816  1032  1248  1464  1680  1896    60    72   288
   504   720   936  1152  1368  1584  1800   180   396   612   828  1044
  1260  1476  1692  1908    72    84   300   516   732   948  1164  1380
  1596  1812   192   408   624   840  1056  1272  1488  1704  1920    84
    96   312   528   744   960  1176  1392  1608  1824   204   420   636
   852  1068  1284  1500  1716  1932    96   108   324   540   756   972
  1188  1404  1620  1836   216   432   648   864  1080  1296  1512  1728
  1944   108   120   336   552   768   984  1200  1416  1632  1848    12
   228   444   660   876  1092  1308  1524  1740   120   132   348   564
   780   996  1212  1428  1644  1860    24   240   456   672   888  1104
  1320  1536  1752   132   144   360   576   792  1008  1224  1440  1656
  1872    36   252   468   684   900  1116  1332  1548  1764   144   156
   372   588   804  1020  1236  1452  1668  1884    48   264   480   696
   912  1128  1344  1560  1776   156   168   384   600   816  1032  1248
  1464  1680  1896    60   276   492   708   924  1140  1356  1572  1788
   168   180   396   612   828  1044  1260  1476  1692  1908    72   288
   504   720   936  1152  1368  1584  1800   180   192   408   624   840
  1056  1272  1488  1704  1920    84   300   516   732   948  1164  1380
  1596  1812   192   204   420   636   852  1068  1284  1500  1716  1932
    96   312   528   744   960  1176  1392  1608  1824   204   216   432
   648   864  1080  1296  1512  1728  1944   108   324   540   756   972
  1188  1404  1620  1836   216    12   228   444   660   876  1092  1308
  1524  1740   120   336   552   768   984  1200  1416  1632  1848    12
     1   217   433   649   865  1081  1297  1513  1729   109   325   541
   757   973  1189  1405  1621  1837     1    13   229   445   661   877
  1093  1309  1525  1741   121   337   553   769   985  1201  1417  1633
  1849    13    25   241   457   673   889  1105  1321  1537  1753   133
   349   565   781   997  1213  1429  1645  1861    25    37   253   469
   685   901  1117  1333  1549  1765   145   361   577   793  1009  1225
  1441  1657  1873    37    49   265   481   697   913  1129  1345  1561
  1777   157   373   589   805  1021  1237  1453  1669  1885    49    61
   277   493   709   925  1141  1357  1573  1789   169   385   601   817
  1033  1249  1465  1681  1897    61    73   289   505   721   937  1153
  1369  1585  1801   181   397   613   829  1045  1261  1477  1693  1909
    73    85   301   517   733   949  1165  1381  1597  1813   193   409
   625   841  1057  1273  1489  1705  1921    85    97   313   529   745
   961  1177  1393  1609  1825   205   421   637   853  1069  1285  1501
  1717  1933    97   109   325   541   757   973  1189  1405  1621  1837
     1   217   433   649   865  1081  1297  1513  1729   109   121   337
   553   769   985  1201  1417  1633  1849    13   229   445   661   877
  1093  1309  1525  1741   121   133   349   565   781   997  1213  1429
  1645  1861    25   241   457   673   889  1105  1321  1537  1753   133
   145   361   577   793  1009  1225  1441  1657  1873    37   253   469
   685   901  1117  1333  1549  1765   145   157   373   589   805  1021
  1237  1453  1669  1885    49   265   481   697   913  1129  1345  1561
  1777   157   169   385   601   817  1033  1249  1465  1681  1897    61
   277   493   709   925  1141  1357  1573  1789   169   181   397   613
   829  1045  1261  1477  1693  1909    73   289   505   721   937  1153
  1369  1585  1801   181   193   409   625   841  1057  1273  1489  1705
  1921    85   301   517   733   949  1165  1381  1597  1813   193   205
   421   637   853  1069  1285  1501  1717  1933    97   313   529   745
   961  1177  1393  1609  1825   205     1   217   433   649   865  1081
  1297  1513  1729   109   325   541   757   973  1189  1405  1621  1837
     1
