 (i6)
     1
 (2i12)
         605         605      11 11 5 0 0 0 1 1 1
 (3f18.0, i6)
  .000000000000000  .000000000000000  .000000000000000     1
  .000000000000000  .000000000000000  .200000000000000     1
  .000000000000000  .000000000000000  .400000000000000     1
  .000000000000000  .000000000000000 -.400000000000000     1
  .000000000000000  .000000000000000 -.200000000000000     1
  .000000000000000  .090909090909091  .000000000000000     1
  .000000000000000  .090909090909091  .200000000000000     1
  .000000000000000  .090909090909091  .400000000000000     1
  .000000000000000  .090909090909091 -.400000000000000     1
  .000000000000000  .090909090909091 -.200000000000000     1
  .000000000000000  .181818181818182  .000000000000000     1
  .000000000000000  .181818181818182  .200000000000000     1
  .000000000000000  .181818181818182  .400000000000000     1
  .000000000000000  .181818181818182 -.400000000000000     1
  .000000000000000  .181818181818182 -.200000000000000     1
  .000000000000000  .272727272727273  .000000000000000     1
  .000000000000000  .272727272727273  .200000000000000     1
  .000000000000000  .272727272727273  .400000000000000     1
  .000000000000000  .272727272727273 -.400000000000000     1
  .000000000000000  .272727272727273 -.200000000000000     1
  .000000000000000  .363636363636364  .000000000000000     1
  .000000000000000  .363636363636364  .200000000000000     1
  .000000000000000  .363636363636364  .400000000000000     1
  .000000000000000  .363636363636364 -.400000000000000     1
  .000000000000000  .363636363636364 -.200000000000000     1
  .000000000000000  .454545454545455  .000000000000000     1
  .000000000000000  .454545454545455  .200000000000000     1
  .000000000000000  .454545454545455  .400000000000000     1
  .000000000000000  .454545454545455 -.400000000000000     1
  .000000000000000  .454545454545455 -.200000000000000     1
  .000000000000000 -.454545454545455  .000000000000000     1
  .000000000000000 -.454545454545455  .200000000000000     1
  .000000000000000 -.454545454545455  .400000000000000     1
  .000000000000000 -.454545454545455 -.400000000000000     1
  .000000000000000 -.454545454545455 -.200000000000000     1
  .000000000000000 -.363636363636364  .000000000000000     1
  .000000000000000 -.363636363636364  .200000000000000     1
  .000000000000000 -.363636363636364  .400000000000000     1
  .000000000000000 -.363636363636364 -.400000000000000     1
  .000000000000000 -.363636363636364 -.200000000000000     1
  .000000000000000 -.272727272727273  .000000000000000     1
  .000000000000000 -.272727272727273  .200000000000000     1
  .000000000000000 -.272727272727273  .400000000000000     1
  .000000000000000 -.272727272727273 -.400000000000000     1
  .000000000000000 -.272727272727273 -.200000000000000     1
  .000000000000000 -.181818181818182  .000000000000000     1
  .000000000000000 -.181818181818182  .200000000000000     1
  .000000000000000 -.181818181818182  .400000000000000     1
  .000000000000000 -.181818181818182 -.400000000000000     1
  .000000000000000 -.181818181818182 -.200000000000000     1
  .000000000000000 -.090909090909091  .000000000000000     1
  .000000000000000 -.090909090909091  .200000000000000     1
  .000000000000000 -.090909090909091  .400000000000000     1
  .000000000000000 -.090909090909091 -.400000000000000     1
  .000000000000000 -.090909090909091 -.200000000000000     1
  .181818181818182 -.090909090909091  .000000000000000     1
  .181818181818182 -.090909090909091  .200000000000000     1
  .181818181818182 -.090909090909091  .400000000000000     1
  .181818181818182 -.090909090909091 -.400000000000000     1
  .181818181818182 -.090909090909091 -.200000000000000     1
  .181818181818182  .000000000000000  .000000000000000     1
  .181818181818182  .000000000000000  .200000000000000     1
  .181818181818182  .000000000000000  .400000000000000     1
  .181818181818182  .000000000000000 -.400000000000000     1
  .181818181818182  .000000000000000 -.200000000000000     1
  .181818181818182  .090909090909091  .000000000000000     1
  .181818181818182  .090909090909091  .200000000000000     1
  .181818181818182  .090909090909091  .400000000000000     1
  .181818181818182  .090909090909091 -.400000000000000     1
  .181818181818182  .090909090909091 -.200000000000000     1
  .181818181818182  .181818181818182  .000000000000000     1
  .181818181818182  .181818181818182  .200000000000000     1
  .181818181818182  .181818181818182  .400000000000000     1
  .181818181818182  .181818181818182 -.400000000000000     1
  .181818181818182  .181818181818182 -.200000000000000     1
  .181818181818182  .272727272727273  .000000000000000     1
  .181818181818182  .272727272727273  .200000000000000     1
  .181818181818182  .272727272727273  .400000000000000     1
  .181818181818182  .272727272727273 -.400000000000000     1
  .181818181818182  .272727272727273 -.200000000000000     1
  .181818181818182  .363636363636364  .000000000000000     1
  .181818181818182  .363636363636364  .200000000000000     1
  .181818181818182  .363636363636364  .400000000000000     1
  .181818181818182  .363636363636364 -.400000000000000     1
  .181818181818182  .363636363636364 -.200000000000000     1
  .181818181818182 -.545454545454546  .000000000000000     1
  .181818181818182 -.545454545454546  .200000000000000     1
  .181818181818182 -.545454545454546  .400000000000000     1
  .181818181818182 -.545454545454546 -.400000000000000     1
  .181818181818182 -.545454545454546 -.200000000000000     1
  .181818181818182 -.454545454545455  .000000000000000     1
  .181818181818182 -.454545454545455  .200000000000000     1
  .181818181818182 -.454545454545455  .400000000000000     1
  .181818181818182 -.454545454545455 -.400000000000000     1
  .181818181818182 -.454545454545455 -.200000000000000     1
  .181818181818182 -.363636363636364  .000000000000000     1
  .181818181818182 -.363636363636364  .200000000000000     1
  .181818181818182 -.363636363636364  .400000000000000     1
  .181818181818182 -.363636363636364 -.400000000000000     1
  .181818181818182 -.363636363636364 -.200000000000000     1
  .181818181818182 -.272727272727273  .000000000000000     1
  .181818181818182 -.272727272727273  .200000000000000     1
  .181818181818182 -.272727272727273  .400000000000000     1
  .181818181818182 -.272727272727273 -.400000000000000     1
  .181818181818182 -.272727272727273 -.200000000000000     1
  .181818181818182 -.181818181818182  .000000000000000     1
  .181818181818182 -.181818181818182  .200000000000000     1
  .181818181818182 -.181818181818182  .400000000000000     1
  .181818181818182 -.181818181818182 -.400000000000000     1
  .181818181818182 -.181818181818182 -.200000000000000     1
  .363636363636364 -.181818181818182  .000000000000000     1
  .363636363636364 -.181818181818182  .200000000000000     1
  .363636363636364 -.181818181818182  .400000000000000     1
  .363636363636364 -.181818181818182 -.400000000000000     1
  .363636363636364 -.181818181818182 -.200000000000000     1
  .363636363636364 -.090909090909091  .000000000000000     1
  .363636363636364 -.090909090909091  .200000000000000     1
  .363636363636364 -.090909090909091  .400000000000000     1
  .363636363636364 -.090909090909091 -.400000000000000     1
  .363636363636364 -.090909090909091 -.200000000000000     1
  .363636363636364  .000000000000000  .000000000000000     1
  .363636363636364  .000000000000000  .200000000000000     1
  .363636363636364  .000000000000000  .400000000000000     1
  .363636363636364  .000000000000000 -.400000000000000     1
  .363636363636364  .000000000000000 -.200000000000000     1
  .363636363636364  .090909090909091  .000000000000000     1
  .363636363636364  .090909090909091  .200000000000000     1
  .363636363636364  .090909090909091  .400000000000000     1
  .363636363636364  .090909090909091 -.400000000000000     1
  .363636363636364  .090909090909091 -.200000000000000     1
  .363636363636364  .181818181818182  .000000000000000     1
  .363636363636364  .181818181818182  .200000000000000     1
  .363636363636364  .181818181818182  .400000000000000     1
  .363636363636364  .181818181818182 -.400000000000000     1
  .363636363636364  .181818181818182 -.200000000000000     1
  .363636363636364  .272727272727273  .000000000000000     1
  .363636363636364  .272727272727273  .200000000000000     1
  .363636363636364  .272727272727273  .400000000000000     1
  .363636363636364  .272727272727273 -.400000000000000     1
  .363636363636364  .272727272727273 -.200000000000000     1
  .363636363636364 -.636363636363636  .000000000000000     1
  .363636363636364 -.636363636363636  .200000000000000     1
  .363636363636364 -.636363636363636  .400000000000000     1
  .363636363636364 -.636363636363636 -.400000000000000     1
  .363636363636364 -.636363636363636 -.200000000000000     1
  .363636363636364 -.545454545454545  .000000000000000     1
  .363636363636364 -.545454545454545  .200000000000000     1
  .363636363636364 -.545454545454545  .400000000000000     1
  .363636363636364 -.545454545454545 -.400000000000000     1
  .363636363636364 -.545454545454545 -.200000000000000     1
  .363636363636364 -.454545454545455  .000000000000000     1
  .363636363636364 -.454545454545455  .200000000000000     1
  .363636363636364 -.454545454545455  .400000000000000     1
  .363636363636364 -.454545454545455 -.400000000000000     1
  .363636363636364 -.454545454545455 -.200000000000000     1
  .363636363636364 -.363636363636364  .000000000000000     1
  .363636363636364 -.363636363636364  .200000000000000     1
  .363636363636364 -.363636363636364  .400000000000000     1
  .363636363636364 -.363636363636364 -.400000000000000     1
  .363636363636364 -.363636363636364 -.200000000000000     1
  .363636363636364 -.272727272727273  .000000000000000     1
  .363636363636364 -.272727272727273  .200000000000000     1
  .363636363636364 -.272727272727273  .400000000000000     1
  .363636363636364 -.272727272727273 -.400000000000000     1
  .363636363636364 -.272727272727273 -.200000000000000     1
  .545454545454545 -.272727272727273  .000000000000000     1
  .545454545454545 -.272727272727273  .200000000000000     1
  .545454545454545 -.272727272727273  .400000000000000     1
  .545454545454545 -.272727272727273 -.400000000000000     1
  .545454545454545 -.272727272727273 -.200000000000000     1
  .545454545454545 -.181818181818182  .000000000000000     1
  .545454545454545 -.181818181818182  .200000000000000     1
  .545454545454545 -.181818181818182  .400000000000000     1
  .545454545454545 -.181818181818182 -.400000000000000     1
  .545454545454545 -.181818181818182 -.200000000000000     1
 -.454545454545455 -.090909090909091  .000000000000000     1
 -.454545454545455 -.090909090909091  .200000000000000     1
 -.454545454545455 -.090909090909091  .400000000000000     1
 -.454545454545455 -.090909090909091 -.400000000000000     1
 -.454545454545455 -.090909090909091 -.200000000000000     1
 -.454545454545455  .000000000000000  .000000000000000     1
 -.454545454545455  .000000000000000  .200000000000000     1
 -.454545454545455  .000000000000000  .400000000000000     1
 -.454545454545455  .000000000000000 -.400000000000000     1
 -.454545454545455  .000000000000000 -.200000000000000     1
 -.454545454545455  .090909090909091  .000000000000000     1
 -.454545454545455  .090909090909091  .200000000000000     1
 -.454545454545455  .090909090909091  .400000000000000     1
 -.454545454545455  .090909090909091 -.400000000000000     1
 -.454545454545455  .090909090909091 -.200000000000000     1
 -.454545454545455  .181818181818182  .000000000000000     1
 -.454545454545455  .181818181818182  .200000000000000     1
 -.454545454545455  .181818181818182  .400000000000000     1
 -.454545454545455  .181818181818182 -.400000000000000     1
 -.454545454545455  .181818181818182 -.200000000000000     1
 -.454545454545455  .272727272727273  .000000000000000     1
 -.454545454545455  .272727272727273  .200000000000000     1
 -.454545454545455  .272727272727273  .400000000000000     1
 -.454545454545455  .272727272727273 -.400000000000000     1
 -.454545454545455  .272727272727273 -.200000000000000     1
 -.454545454545455  .363636363636364  .000000000000000     1
 -.454545454545455  .363636363636364  .200000000000000     1
 -.454545454545455  .363636363636364  .400000000000000     1
 -.454545454545455  .363636363636364 -.400000000000000     1
 -.454545454545455  .363636363636364 -.200000000000000     1
 -.454545454545455  .454545454545455  .000000000000000     1
 -.454545454545455  .454545454545455  .200000000000000     1
 -.454545454545455  .454545454545455  .400000000000000     1
 -.454545454545455  .454545454545455 -.400000000000000     1
 -.454545454545455  .454545454545455 -.200000000000000     1
  .545454545454545 -.454545454545454  .000000000000000     1
  .545454545454545 -.454545454545454  .200000000000000     1
  .545454545454545 -.454545454545454  .400000000000000     1
  .545454545454545 -.454545454545454 -.400000000000000     1
  .545454545454545 -.454545454545454 -.200000000000000     1
  .545454545454545 -.363636363636364  .000000000000000     1
  .545454545454545 -.363636363636364  .200000000000000     1
  .545454545454545 -.363636363636364  .400000000000000     1
  .545454545454545 -.363636363636364 -.400000000000000     1
  .545454545454545 -.363636363636364 -.200000000000000     1
 -.272727272727273 -.363636363636364  .000000000000000     1
 -.272727272727273 -.363636363636364  .200000000000000     1
 -.272727272727273  .636363636363636  .400000000000000     1
 -.272727272727273 -.363636363636364 -.400000000000000     1
 -.272727272727273 -.363636363636364 -.200000000000000     1
 -.272727272727273 -.272727272727273  .000000000000000     1
 -.272727272727273 -.272727272727273  .200000000000000     1
 -.272727272727273 -.272727272727273  .400000000000000     1
 -.272727272727273 -.272727272727273 -.400000000000000     1
 -.272727272727273 -.272727272727273 -.200000000000000     1
 -.272727272727273 -.181818181818182  .000000000000000     1
 -.272727272727273 -.181818181818182  .200000000000000     1
 -.272727272727273 -.181818181818182  .400000000000000     1
 -.272727272727273 -.181818181818182 -.400000000000000     1
 -.272727272727273 -.181818181818182 -.200000000000000     1
 -.272727272727273 -.090909090909091  .000000000000000     1
 -.272727272727273 -.090909090909091  .200000000000000     1
 -.272727272727273 -.090909090909091  .400000000000000     1
 -.272727272727273 -.090909090909091 -.400000000000000     1
 -.272727272727273 -.090909090909091 -.200000000000000     1
 -.272727272727273  .000000000000000  .000000000000000     1
 -.272727272727273  .000000000000000  .200000000000000     1
 -.272727272727273  .000000000000000  .400000000000000     1
 -.272727272727273  .000000000000000 -.400000000000000     1
 -.272727272727273  .000000000000000 -.200000000000000     1
 -.272727272727273  .090909090909091  .000000000000000     1
 -.272727272727273  .090909090909091  .200000000000000     1
 -.272727272727273  .090909090909091  .400000000000000     1
 -.272727272727273  .090909090909091 -.400000000000000     1
 -.272727272727273  .090909090909091 -.200000000000000     1
 -.272727272727273  .181818181818182  .000000000000000     1
 -.272727272727273  .181818181818182  .200000000000000     1
 -.272727272727273  .181818181818182  .400000000000000     1
 -.272727272727273  .181818181818182 -.400000000000000     1
 -.272727272727273  .181818181818182 -.200000000000000     1
 -.272727272727273  .272727272727273  .000000000000000     1
 -.272727272727273  .272727272727273  .200000000000000     1
 -.272727272727273  .272727272727273  .400000000000000     1
 -.272727272727273  .272727272727273 -.400000000000000     1
 -.272727272727273  .272727272727273 -.200000000000000     1
 -.272727272727273  .363636363636364  .000000000000000     1
 -.272727272727273  .363636363636364  .200000000000000     1
 -.272727272727273  .363636363636364  .400000000000000     1
 -.272727272727273  .363636363636364 -.400000000000000     1
 -.272727272727273  .363636363636364 -.200000000000000     1
 -.272727272727273  .454545454545455  .000000000000000     1
 -.272727272727273  .454545454545455  .200000000000000     1
 -.272727272727273  .454545454545455  .400000000000000     1
 -.272727272727273  .454545454545455 -.400000000000000     1
 -.272727272727273  .454545454545455 -.200000000000000     1
 -.272727272727273  .545454545454545  .000000000000000     1
 -.272727272727273  .545454545454545  .200000000000000     1
 -.272727272727273  .545454545454545  .400000000000000     1
 -.272727272727273  .545454545454545 -.400000000000000     1
 -.272727272727273  .545454545454545 -.200000000000000     1
 -.090909090909091  .545454545454545  .000000000000000     1
 -.090909090909091  .545454545454545  .200000000000000     1
 -.090909090909091  .545454545454545  .400000000000000     1
 -.090909090909091  .545454545454545 -.400000000000000     1
 -.090909090909091  .545454545454545 -.200000000000000     1
 -.090909090909091 -.363636363636364  .000000000000000     1
 -.090909090909091 -.363636363636364  .200000000000000     1
 -.090909090909091 -.363636363636364  .400000000000000     1
 -.090909090909091 -.363636363636364 -.400000000000000     1
 -.090909090909091 -.363636363636364 -.200000000000000     1
 -.090909090909091 -.272727272727273  .000000000000000     1
 -.090909090909091 -.272727272727273  .200000000000000     1
 -.090909090909091 -.272727272727273  .400000000000000     1
 -.090909090909091 -.272727272727273 -.400000000000000     1
 -.090909090909091 -.272727272727273 -.200000000000000     1
 -.090909090909091 -.181818181818182  .000000000000000     1
 -.090909090909091 -.181818181818182  .200000000000000     1
 -.090909090909091 -.181818181818182  .400000000000000     1
 -.090909090909091 -.181818181818182 -.400000000000000     1
 -.090909090909091 -.181818181818182 -.200000000000000     1
 -.090909090909091 -.090909090909091  .000000000000000     1
 -.090909090909091 -.090909090909091  .200000000000000     1
 -.090909090909091 -.090909090909091  .400000000000000     1
 -.090909090909091 -.090909090909091 -.400000000000000     1
 -.090909090909091 -.090909090909091 -.200000000000000     1
 -.090909090909091  .000000000000000  .000000000000000     1
 -.090909090909091  .000000000000000  .200000000000000     1
 -.090909090909091  .000000000000000  .400000000000000     1
 -.090909090909091  .000000000000000 -.400000000000000     1
 -.090909090909091  .000000000000000 -.200000000000000     1
 -.090909090909091  .090909090909091  .000000000000000     1
 -.090909090909091  .090909090909091  .200000000000000     1
 -.090909090909091  .090909090909091  .400000000000000     1
 -.090909090909091  .090909090909091 -.400000000000000     1
 -.090909090909091  .090909090909091 -.200000000000000     1
 -.090909090909091  .181818181818182  .000000000000000     1
 -.090909090909091  .181818181818182  .200000000000000     1
 -.090909090909091  .181818181818182  .400000000000000     1
 -.090909090909091  .181818181818182 -.400000000000000     1
 -.090909090909091  .181818181818182 -.200000000000000     1
 -.090909090909091  .272727272727273  .000000000000000     1
 -.090909090909091  .272727272727273  .200000000000000     1
 -.090909090909091  .272727272727273  .400000000000000     1
 -.090909090909091  .272727272727273 -.400000000000000     1
 -.090909090909091  .272727272727273 -.200000000000000     1
 -.090909090909091  .363636363636364  .000000000000000     1
 -.090909090909091  .363636363636364  .200000000000000     1
 -.090909090909091  .363636363636364  .400000000000000     1
 -.090909090909091  .363636363636364 -.400000000000000     1
 -.090909090909091  .363636363636364 -.200000000000000     1
 -.090909090909091  .454545454545455  .000000000000000     1
 -.090909090909091  .454545454545455  .200000000000000     1
 -.090909090909091  .454545454545455  .400000000000000     1
 -.090909090909091  .454545454545455 -.400000000000000     1
 -.090909090909091  .454545454545455 -.200000000000000     1
  .090909090909091  .454545454545455  .000000000000000     1
  .090909090909091  .454545454545455  .200000000000000     1
  .090909090909091  .454545454545455  .400000000000000     1
  .090909090909091 -.545454545454545 -.400000000000000     1
  .090909090909091  .454545454545455 -.200000000000000     1
  .090909090909091 -.454545454545454  .000000000000000     1
  .090909090909091 -.454545454545454  .200000000000000     1
  .090909090909091 -.454545454545454  .400000000000000     1
  .090909090909091 -.454545454545454 -.400000000000000     1
  .090909090909091 -.454545454545454 -.200000000000000     1
  .090909090909091 -.363636363636364  .000000000000000     1
  .090909090909091 -.363636363636364  .200000000000000     1
  .090909090909091 -.363636363636364  .400000000000000     1
  .090909090909091 -.363636363636364 -.400000000000000     1
  .090909090909091 -.363636363636364 -.200000000000000     1
  .090909090909091 -.272727272727273  .000000000000000     1
  .090909090909091 -.272727272727273  .200000000000000     1
  .090909090909091 -.272727272727273  .400000000000000     1
  .090909090909091 -.272727272727273 -.400000000000000     1
  .090909090909091 -.272727272727273 -.200000000000000     1
  .090909090909091 -.181818181818182  .000000000000000     1
  .090909090909091 -.181818181818182  .200000000000000     1
  .090909090909091 -.181818181818182  .400000000000000     1
  .090909090909091 -.181818181818182 -.400000000000000     1
  .090909090909091 -.181818181818182 -.200000000000000     1
  .090909090909091 -.090909090909091  .000000000000000     1
  .090909090909091 -.090909090909091  .200000000000000     1
  .090909090909091 -.090909090909091  .400000000000000     1
  .090909090909091 -.090909090909091 -.400000000000000     1
  .090909090909091 -.090909090909091 -.200000000000000     1
  .090909090909091  .000000000000000  .000000000000000     1
  .090909090909091  .000000000000000  .200000000000000     1
  .090909090909091  .000000000000000  .400000000000000     1
  .090909090909091  .000000000000000 -.400000000000000     1
  .090909090909091  .000000000000000 -.200000000000000     1
  .090909090909091  .090909090909091  .000000000000000     1
  .090909090909091  .090909090909091  .200000000000000     1
  .090909090909091  .090909090909091  .400000000000000     1
  .090909090909091  .090909090909091 -.400000000000000     1
  .090909090909091  .090909090909091 -.200000000000000     1
  .090909090909091  .181818181818182  .000000000000000     1
  .090909090909091  .181818181818182  .200000000000000     1
  .090909090909091  .181818181818182  .400000000000000     1
  .090909090909091  .181818181818182 -.400000000000000     1
  .090909090909091  .181818181818182 -.200000000000000     1
  .090909090909091  .272727272727273  .000000000000000     1
  .090909090909091  .272727272727273  .200000000000000     1
  .090909090909091  .272727272727273  .400000000000000     1
  .090909090909091  .272727272727273 -.400000000000000     1
  .090909090909091  .272727272727273 -.200000000000000     1
  .090909090909091  .363636363636364  .000000000000000     1
  .090909090909091  .363636363636364  .200000000000000     1
  .090909090909091  .363636363636364  .400000000000000     1
  .090909090909091  .363636363636364 -.400000000000000     1
  .090909090909091  .363636363636364 -.200000000000000     1
  .272727272727273  .363636363636364  .000000000000000     1
  .272727272727273  .363636363636364  .200000000000000     1
  .272727272727273  .363636363636364  .400000000000000     1
  .272727272727273 -.636363636363636 -.400000000000000     1
  .272727272727273  .363636363636364 -.200000000000000     1
  .272727272727273 -.545454545454545  .000000000000000     1
  .272727272727273 -.545454545454545  .200000000000000     1
  .272727272727273 -.545454545454545  .400000000000000     1
  .272727272727273 -.545454545454545 -.400000000000000     1
  .272727272727273 -.545454545454545 -.200000000000000     1
  .272727272727273 -.454545454545455  .000000000000000     1
  .272727272727273 -.454545454545455  .200000000000000     1
  .272727272727273 -.454545454545455  .400000000000000     1
  .272727272727273 -.454545454545455 -.400000000000000     1
  .272727272727273 -.454545454545455 -.200000000000000     1
  .272727272727273 -.363636363636364  .000000000000000     1
  .272727272727273 -.363636363636364  .200000000000000     1
  .272727272727273 -.363636363636364  .400000000000000     1
  .272727272727273 -.363636363636364 -.400000000000000     1
  .272727272727273 -.363636363636364 -.200000000000000     1
  .272727272727273 -.272727272727273  .000000000000000     1
  .272727272727273 -.272727272727273  .200000000000000     1
  .272727272727273 -.272727272727273  .400000000000000     1
  .272727272727273 -.272727272727273 -.400000000000000     1
  .272727272727273 -.272727272727273 -.200000000000000     1
  .272727272727273 -.181818181818182  .000000000000000     1
  .272727272727273 -.181818181818182  .200000000000000     1
  .272727272727273 -.181818181818182  .400000000000000     1
  .272727272727273 -.181818181818182 -.400000000000000     1
  .272727272727273 -.181818181818182 -.200000000000000     1
  .272727272727273 -.090909090909091  .000000000000000     1
  .272727272727273 -.090909090909091  .200000000000000     1
  .272727272727273 -.090909090909091  .400000000000000     1
  .272727272727273 -.090909090909091 -.400000000000000     1
  .272727272727273 -.090909090909091 -.200000000000000     1
  .272727272727273  .000000000000000  .000000000000000     1
  .272727272727273  .000000000000000  .200000000000000     1
  .272727272727273  .000000000000000  .400000000000000     1
  .272727272727273  .000000000000000 -.400000000000000     1
  .272727272727273  .000000000000000 -.200000000000000     1
  .272727272727273  .090909090909091  .000000000000000     1
  .272727272727273  .090909090909091  .200000000000000     1
  .272727272727273  .090909090909091  .400000000000000     1
  .272727272727273  .090909090909091 -.400000000000000     1
  .272727272727273  .090909090909091 -.200000000000000     1
  .272727272727273  .181818181818182  .000000000000000     1
  .272727272727273  .181818181818182  .200000000000000     1
  .272727272727273  .181818181818182  .400000000000000     1
  .272727272727273  .181818181818182 -.400000000000000     1
  .272727272727273  .181818181818182 -.200000000000000     1
  .272727272727273  .272727272727273  .000000000000000     1
  .272727272727273  .272727272727273  .200000000000000     1
  .272727272727273  .272727272727273  .400000000000000     1
  .272727272727273  .272727272727273 -.400000000000000     1
  .272727272727273  .272727272727273 -.200000000000000     1
 -.545454545454545  .272727272727273  .000000000000000     1
 -.545454545454545  .272727272727273  .200000000000000     1
 -.545454545454545  .272727272727273  .400000000000000     1
 -.545454545454545  .272727272727273 -.400000000000000     1
 -.545454545454545  .272727272727273 -.200000000000000     1
 -.545454545454545  .363636363636364  .000000000000000     1
 -.545454545454545  .363636363636364  .200000000000000     1
 -.545454545454545  .363636363636364  .400000000000000     1
 -.545454545454545  .363636363636364 -.400000000000000     1
 -.545454545454545  .363636363636364 -.200000000000000     1
  .454545454545455 -.545454545454545  .000000000000000     1
  .454545454545455 -.545454545454545  .200000000000000     1
  .454545454545455 -.545454545454545  .400000000000000     1
  .454545454545455 -.545454545454545 -.400000000000000     1
  .454545454545455 -.545454545454545 -.200000000000000     1
  .454545454545455 -.454545454545455  .000000000000000     1
  .454545454545455 -.454545454545455  .200000000000000     1
  .454545454545455 -.454545454545455  .400000000000000     1
  .454545454545455 -.454545454545455 -.400000000000000     1
  .454545454545455 -.454545454545455 -.200000000000000     1
  .454545454545455 -.363636363636364  .000000000000000     1
  .454545454545455 -.363636363636364  .200000000000000     1
  .454545454545455 -.363636363636364  .400000000000000     1
  .454545454545455 -.363636363636364 -.400000000000000     1
  .454545454545455 -.363636363636364 -.200000000000000     1
  .454545454545455 -.272727272727273  .000000000000000     1
  .454545454545455 -.272727272727273  .200000000000000     1
  .454545454545455 -.272727272727273  .400000000000000     1
  .454545454545455 -.272727272727273 -.400000000000000     1
  .454545454545455 -.272727272727273 -.200000000000000     1
  .454545454545455 -.181818181818182  .000000000000000     1
  .454545454545455 -.181818181818182  .200000000000000     1
  .454545454545455 -.181818181818182  .400000000000000     1
  .454545454545455 -.181818181818182 -.400000000000000     1
  .454545454545455 -.181818181818182 -.200000000000000     1
  .454545454545455 -.090909090909091  .000000000000000     1
  .454545454545455 -.090909090909091  .200000000000000     1
  .454545454545455 -.090909090909091  .400000000000000     1
  .454545454545455 -.090909090909091 -.400000000000000     1
  .454545454545455 -.090909090909091 -.200000000000000     1
  .454545454545455  .000000000000000  .000000000000000     1
  .454545454545455  .000000000000000  .200000000000000     1
  .454545454545455  .000000000000000  .400000000000000     1
  .454545454545455  .000000000000000 -.400000000000000     1
  .454545454545455  .000000000000000 -.200000000000000     1
 -.545454545454545  .090909090909091  .000000000000000     1
 -.545454545454545  .090909090909091  .200000000000000     1
 -.545454545454545  .090909090909091  .400000000000000     1
 -.545454545454545  .090909090909091 -.400000000000000     1
 -.545454545454545  .090909090909091 -.200000000000000     1
 -.545454545454545  .181818181818182  .000000000000000     1
 -.545454545454545  .181818181818182  .200000000000000     1
 -.545454545454545  .181818181818182  .400000000000000     1
 -.545454545454545  .181818181818182 -.400000000000000     1
 -.545454545454545  .181818181818182 -.200000000000000     1
 -.363636363636364  .181818181818182  .000000000000000     1
 -.363636363636364  .181818181818182  .200000000000000     1
 -.363636363636364  .181818181818182  .400000000000000     1
 -.363636363636364  .181818181818182 -.400000000000000     1
 -.363636363636364  .181818181818182 -.200000000000000     1
 -.363636363636364  .272727272727273  .000000000000000     1
 -.363636363636364  .272727272727273  .200000000000000     1
 -.363636363636364  .272727272727273  .400000000000000     1
 -.363636363636364  .272727272727273 -.400000000000000     1
 -.363636363636364  .272727272727273 -.200000000000000     1
 -.363636363636364  .363636363636364  .000000000000000     1
 -.363636363636364  .363636363636364  .200000000000000     1
 -.363636363636364  .363636363636364  .400000000000000     1
 -.363636363636364  .363636363636364 -.400000000000000     1
 -.363636363636364  .363636363636364 -.200000000000000     1
 -.363636363636364  .454545454545454  .000000000000000     1
 -.363636363636364  .454545454545454  .200000000000000     1
 -.363636363636364  .454545454545454  .400000000000000     1
 -.363636363636364  .454545454545454 -.400000000000000     1
 -.363636363636364  .454545454545454 -.200000000000000     1
 -.363636363636364  .545454545454545  .000000000000000     1
 -.363636363636364  .545454545454545  .200000000000000     1
 -.363636363636364  .545454545454545  .400000000000000     1
 -.363636363636364  .545454545454545 -.400000000000000     1
 -.363636363636364  .545454545454545 -.200000000000000     1
 -.363636363636364  .636363636363636  .000000000000000     1
 -.363636363636364  .636363636363636  .200000000000000     1
 -.363636363636364  .636363636363636  .400000000000000     1
 -.363636363636364  .636363636363636 -.400000000000000     1
 -.363636363636364  .636363636363636 -.200000000000000     1
 -.363636363636364 -.272727272727273  .000000000000000     1
 -.363636363636364 -.272727272727273  .200000000000000     1
 -.363636363636364 -.272727272727273  .400000000000000     1
 -.363636363636364 -.272727272727273 -.400000000000000     1
 -.363636363636364 -.272727272727273 -.200000000000000     1
 -.363636363636364 -.181818181818182  .000000000000000     1
 -.363636363636364 -.181818181818182  .200000000000000     1
 -.363636363636364 -.181818181818182  .400000000000000     1
 -.363636363636364 -.181818181818182 -.400000000000000     1
 -.363636363636364 -.181818181818182 -.200000000000000     1
 -.363636363636364 -.090909090909091  .000000000000000     1
 -.363636363636364 -.090909090909091  .200000000000000     1
 -.363636363636364 -.090909090909091  .400000000000000     1
 -.363636363636364 -.090909090909091 -.400000000000000     1
 -.363636363636364 -.090909090909091 -.200000000000000     1
 -.363636363636364  .000000000000000  .000000000000000     1
 -.363636363636364  .000000000000000  .200000000000000     1
 -.363636363636364  .000000000000000  .400000000000000     1
 -.363636363636364  .000000000000000 -.400000000000000     1
 -.363636363636364  .000000000000000 -.200000000000000     1
 -.363636363636364  .090909090909091  .000000000000000     1
 -.363636363636364  .090909090909091  .200000000000000     1
 -.363636363636364  .090909090909091  .400000000000000     1
 -.363636363636364  .090909090909091 -.400000000000000     1
 -.363636363636364  .090909090909091 -.200000000000000     1
 -.181818181818182  .090909090909091  .000000000000000     1
 -.181818181818182  .090909090909091  .200000000000000     1
 -.181818181818182  .090909090909091  .400000000000000     1
 -.181818181818182  .090909090909091 -.400000000000000     1
 -.181818181818182  .090909090909091 -.200000000000000     1
 -.181818181818182  .181818181818182  .000000000000000     1
 -.181818181818182  .181818181818182  .200000000000000     1
 -.181818181818182  .181818181818182  .400000000000000     1
 -.181818181818182  .181818181818182 -.400000000000000     1
 -.181818181818182  .181818181818182 -.200000000000000     1
 -.181818181818182  .272727272727273  .000000000000000     1
 -.181818181818182  .272727272727273  .200000000000000     1
 -.181818181818182  .272727272727273  .400000000000000     1
 -.181818181818182  .272727272727273 -.400000000000000     1
 -.181818181818182  .272727272727273 -.200000000000000     1
 -.181818181818182  .363636363636364  .000000000000000     1
 -.181818181818182  .363636363636364  .200000000000000     1
 -.181818181818182  .363636363636364  .400000000000000     1
 -.181818181818182  .363636363636364 -.400000000000000     1
 -.181818181818182  .363636363636364 -.200000000000000     1
 -.181818181818182  .454545454545455  .000000000000000     1
 -.181818181818182  .454545454545455  .200000000000000     1
 -.181818181818182  .454545454545455  .400000000000000     1
 -.181818181818182  .454545454545455 -.400000000000000     1
 -.181818181818182  .454545454545455 -.200000000000000     1
 -.181818181818182  .545454545454545  .000000000000000     1
 -.181818181818182  .545454545454545  .200000000000000     1
 -.181818181818182  .545454545454545  .400000000000000     1
 -.181818181818182  .545454545454545 -.400000000000000     1
 -.181818181818182  .545454545454545 -.200000000000000     1
 -.181818181818182 -.363636363636364  .000000000000000     1
 -.181818181818182 -.363636363636364  .200000000000000     1
 -.181818181818182 -.363636363636364  .400000000000000     1
 -.181818181818182 -.363636363636364 -.400000000000000     1
 -.181818181818182 -.363636363636364 -.200000000000000     1
 -.181818181818182 -.272727272727273  .000000000000000     1
 -.181818181818182 -.272727272727273  .200000000000000     1
 -.181818181818182 -.272727272727273  .400000000000000     1
 -.181818181818182 -.272727272727273 -.400000000000000     1
 -.181818181818182 -.272727272727273 -.200000000000000     1
 -.181818181818182 -.181818181818182  .000000000000000     1
 -.181818181818182 -.181818181818182  .200000000000000     1
 -.181818181818182 -.181818181818182  .400000000000000     1
 -.181818181818182 -.181818181818182 -.400000000000000     1
 -.181818181818182 -.181818181818182 -.200000000000000     1
 -.181818181818182 -.090909090909091  .000000000000000     1
 -.181818181818182 -.090909090909091  .200000000000000     1
 -.181818181818182 -.090909090909091  .400000000000000     1
 -.181818181818182 -.090909090909091 -.400000000000000     1
 -.181818181818182 -.090909090909091 -.200000000000000     1
 -.181818181818182  .000000000000000  .000000000000000     1
 -.181818181818182  .000000000000000  .200000000000000     1
 -.181818181818182  .000000000000000  .400000000000000     1
 -.181818181818182  .000000000000000 -.400000000000000     1
 -.181818181818182  .000000000000000 -.200000000000000     1
