# k(0:nx, 0:ny, 0:nz) <= 605
# nx, ny, nz
 11 11 5
#
     1    56   111   166   221   276   331   386   441   496   551     1
     6    61   116   171   226   281   336   391   446   501   556     6
    11    66   121   176   231   286   341   396   451   506   561    11
    16    71   126   181   236   291   346   401   456   511   566    16
    21    76   131   186   241   296   351   406   461   516   571    21
    26    81   136   191   246   301   356   411   466   521   576    26
    31    86   141   196   251   306   361   416   471   526   581    31
    36    91   146   201   256   311   366   421   476   531   586    36
    41    96   151   206   261   316   371   426   481   536   591    41
    46   101   156   211   266   321   376   431   486   541   596    46
    51   106   161   216   271   326   381   436   491   546   601    51
     1    56   111   166   221   276   331   386   441   496   551     1
     2    57   112   167   222   277   332   387   442   497   552     2
     7    62   117   172   227   282   337   392   447   502   557     7
    12    67   122   177   232   287   342   397   452   507   562    12
    17    72   127   182   237   292   347   402   457   512   567    17
    22    77   132   187   242   297   352   407   462   517   572    22
    27    82   137   192   247   302   357   412   467   522   577    27
    32    87   142   197   252   307   362   417   472   527   582    32
    37    92   147   202   257   312   367   422   477   532   587    37
    42    97   152   207   262   317   372   427   482   537   592    42
    47   102   157   212   267   322   377   432   487   542   597    47
    52   107   162   217   272   327   382   437   492   547   602    52
     2    57   112   167   222   277   332   387   442   497   552     2
     3    58   113   168   223   278   333   388   443   498   553     3
     8    63   118   173   228   283   338   393   448   503   558     8
    13    68   123   178   233   288   343   398   453   508   563    13
    18    73   128   183   238   293   348   403   458   513   568    18
    23    78   133   188   243   298   353   408   463   518   573    23
    28    83   138   193   248   303   358   413   468   523   578    28
    33    88   143   198   253   308   363   418   473   528   583    33
    38    93   148   203   258   313   368   423   478   533   588    38
    43    98   153   208   263   318   373   428   483   538   593    43
    48   103   158   213   268   323   378   433   488   543   598    48
    53   108   163   218   273   328   383   438   493   548   603    53
     3    58   113   168   223   278   333   388   443   498   553     3
     4    59   114   169   224   279   334   389   444   499   554     4
     9    64   119   174   229   284   339   394   449   504   559     9
    14    69   124   179   234   289   344   399   454   509   564    14
    19    74   129   184   239   294   349   404   459   514   569    19
    24    79   134   189   244   299   354   409   464   519   574    24
    29    84   139   194   249   304   359   414   469   524   579    29
    34    89   144   199   254   309   364   419   474   529   584    34
    39    94   149   204   259   314   369   424   479   534   589    39
    44    99   154   209   264   319   374   429   484   539   594    44
    49   104   159   214   269   324   379   434   489   544   599    49
    54   109   164   219   274   329   384   439   494   549   604    54
     4    59   114   169   224   279   334   389   444   499   554     4
     5    60   115   170   225   280   335   390   445   500   555     5
    10    65   120   175   230   285   340   395   450   505   560    10
    15    70   125   180   235   290   345   400   455   510   565    15
    20    75   130   185   240   295   350   405   460   515   570    20
    25    80   135   190   245   300   355   410   465   520   575    25
    30    85   140   195   250   305   360   415   470   525   580    30
    35    90   145   200   255   310   365   420   475   530   585    35
    40    95   150   205   260   315   370   425   480   535   590    40
    45   100   155   210   265   320   375   430   485   540   595    45
    50   105   160   215   270   325   380   435   490   545   600    50
    55   110   165   220   275   330   385   440   495   550   605    55
     5    60   115   170   225   280   335   390   445   500   555     5
     1    56   111   166   221   276   331   386   441   496   551     1
     6    61   116   171   226   281   336   391   446   501   556     6
    11    66   121   176   231   286   341   396   451   506   561    11
    16    71   126   181   236   291   346   401   456   511   566    16
    21    76   131   186   241   296   351   406   461   516   571    21
    26    81   136   191   246   301   356   411   466   521   576    26
    31    86   141   196   251   306   361   416   471   526   581    31
    36    91   146   201   256   311   366   421   476   531   586    36
    41    96   151   206   261   316   371   426   481   536   591    41
    46   101   156   211   266   321   376   431   486   541   596    46
    51   106   161   216   271   326   381   436   491   546   601    51
     1    56   111   166   221   276   331   386   441   496   551     1
