#T[K]      <M>[μB]           <M^2>           <M^4>        U_{Binder}          \chi         C_v[K_B]          <E>       <E_{exc}>     <E_{lsf}>         Cv_new[K_B]
0000  1.63492371E+00  2.67297555E+00  7.14479833E+00  6.66666666E-01  1.13361340E-01  7.17450017E+04 -6.96431475E+00 -6.96431475E+00  0.00000000E+00  1.00206610E+00
0010  1.62433027E+00  2.63844890E+00  6.96141323E+00  6.66666636E-01  7.92268243E-04  9.60330555E-01 -6.90084766E+00 -6.90084766E+00  0.00000000E+00  1.00451177E+00
0020  1.61385310E+00  2.60452191E+00  6.78353507E+00  6.66666632E-01  4.39870057E-04  9.65762299E-01 -6.83707077E+00 -6.83707077E+00  0.00000000E+00  1.00948297E+00
0040  1.59100519E+00  2.53129768E+00  6.40746964E+00  6.66666577E-01  5.54509302E-04  1.06054462E+00 -6.70855725E+00 -6.70855725E+00  0.00000000E+00  1.01986626E+00
0060  1.56816428E+00  2.45913943E+00  6.04736890E+00  6.66666546E-01  4.83986028E-04  1.04819513E+00 -6.57869283E+00 -6.57869283E+00  0.00000000E+00  1.03084106E+00
0080  1.54542242E+00  2.38833132E+00  5.70413482E+00  6.66666180E-01  1.42649754E-03  1.06263726E+00 -6.44739890E+00 -6.44739890E+00  0.00000000E+00  1.04212409E+00
0100  1.52195347E+00  2.31634313E+00  5.36545246E+00  6.66666232E-01  9.87811788E-04  1.17697614E+00 -6.31467598E+00 -6.31467598E+00  0.00000000E+00  1.05452750E+00
0120  1.49638424E+00  2.23916843E+00  5.01389901E+00  6.66665089E-01  2.89465960E-03  1.04071744E+00 -6.18023971E+00 -6.18023971E+00  0.00000000E+00  1.06815126E+00
0140  1.47091732E+00  2.16359993E+00  4.68118345E+00  6.66665328E-01  2.03277156E-03  1.05245240E+00 -6.04406528E+00 -6.04406528E+00  0.00000000E+00  1.08273643E+00
0160  1.44358520E+00  2.08394111E+00  4.34283454E+00  6.66664824E-01  2.35853349E-03  1.07800673E+00 -5.90593393E+00 -5.90593393E+00  0.00000000E+00  1.09843811E+00
0180  1.41424070E+00  2.00008519E+00  4.00040812E+00  6.66661054E-01  6.12840213E-03  1.08991281E+00 -5.76578156E+00 -5.76578156E+00  0.00000000E+00  1.11544318E+00
0200  1.38045631E+00  1.90567020E+00  3.63165958E+00  6.66659263E-01  6.93160404E-03  1.12791811E+00 -5.62334206E+00 -5.62334206E+00  0.00000000E+00  1.13458085E+00
0220  1.35370705E+00  1.83253889E+00  3.35831688E+00  6.66654944E-01  9.59031287E-03  1.12186369E+00 -5.47834126E+00 -5.47834126E+00  0.00000000E+00  1.15656814E+00
0240  1.32544881E+00  1.75682386E+00  3.08649538E+00  6.66659612E-01  5.07876044E-03  1.22973097E+00 -5.33033139E+00 -5.33033139E+00  0.00000000E+00  1.17986918E+00
0260  1.29505494E+00  1.67722394E+00  2.81346030E+00  6.66621620E-01  2.85313398E-02  1.19859178E+00 -5.17942739E+00 -5.17942739E+00  0.00000000E+00  1.20697531E+00
0280  1.25973598E+00  1.58697517E+00  2.51874659E+00  6.66632733E-01  1.89149797E-02  1.22026012E+00 -5.02455032E+00 -5.02455032E+00  0.00000000E+00  1.23800787E+00
0300  1.22497251E+00  1.50058345E+00  2.25190477E+00  6.66643858E-01  1.12602990E-02  1.27434690E+00 -4.86578438E+00 -4.86578438E+00  0.00000000E+00  1.27174310E+00
0320  1.18215441E+00  1.39757077E+00  1.95366040E+00  6.66588787E-01  3.34472219E-02  1.37692813E+00 -4.70236066E+00 -4.70236066E+00  0.00000000E+00  1.31140207E+00
0340  1.15354878E+00  1.33073084E+00  1.77114128E+00  6.66610817E-01  2.15967306E-02  1.30549371E+00 -4.53354732E+00 -4.53354732E+00  0.00000000E+00  1.35778319E+00
0360  1.09793652E+00  1.20577044E+00  1.45535335E+00  6.66329411E-01  1.11276571E-01  1.40987779E+00 -4.35837318E+00 -4.35837318E+00  0.00000000E+00  1.41098560E+00
0380  1.05261258E+00  1.10832452E+00  1.22985451E+00  6.66267425E-01  1.14190543E-01  1.52037236E+00 -4.17608128E+00 -4.17608128E+00  0.00000000E+00  1.46965766E+00
0400  1.00800261E+00  1.01635194E+00  1.03411449E+00  6.66297754E-01  9.25650751E-02  1.58780046E+00 -3.98604287E+00 -3.98604287E+00  0.00000000E+00  1.53841199E+00
0420  9.40541159E-01  8.84860410E-01  7.83835658E-01  6.66301517E-01  7.57025055E-02  1.67046459E+00 -3.78633241E+00 -3.78633241E+00  0.00000000E+00  1.62215896E+00
0440  8.81144582E-01  7.76676527E-01  6.04030210E-01  6.66222509E-01  7.76245125E-02  1.68181767E+00 -3.57507713E+00 -3.57507713E+00  0.00000000E+00  1.71838074E+00
0460  8.13570804E-01  6.62032913E-01  4.38646466E-01  6.66393719E-01  3.85722042E-02  1.87940749E+00 -3.35098937E+00 -3.35098937E+00  0.00000000E+00  1.83366491E+00
0480  7.42176844E-01  5.51156475E-01  3.04487228E-01  6.65883442E-01  9.00540814E-02  2.11911872E+00 -3.11052743E+00 -3.11052743E+00  0.00000000E+00  1.97843856E+00
0500  6.17604271E-01  3.82042345E-01  1.46890689E-01  6.64532843E-01  1.59096881E-01  2.12390315E+00 -2.84976200E+00 -2.84976200E+00  0.00000000E+00  2.16620072E+00
0520  4.70893200E-01  2.22653110E-01  5.03662594E-02  6.61342333E-01  2.29905132E-01  2.46005521E+00 -2.56173147E+00 -2.56173147E+00  0.00000000E+00  2.45432723E+00
0525  3.90816926E-01  1.53872673E-01  2.43568679E-02  6.57092337E-01  2.83128157E-01  2.45304935E+00 -2.48257848E+00 -2.48257848E+00  0.00000000E+00  2.52790680E+00
0530  3.75254534E-01  1.41730528E-01  2.06015565E-02  6.58137102E-01  2.26026509E-01  2.57464642E+00 -2.40162338E+00 -2.40162338E+00  0.00000000E+00  2.64250898E+00
0535  2.12220781E-01  4.65766565E-02  2.41087430E-03  6.29561009E-01  3.76795574E-01  2.73653342E+00 -2.31521192E+00 -2.31521192E+00  0.00000000E+00  2.81957983E+00
0540  1.17387856E-01  1.53785956E-02  3.21010882E-04  5.47555673E-01  3.87785445E-01  2.60162967E+00 -2.22304182E+00 -2.22304182E+00  0.00000000E+00  2.68360811E+00
0560  2.59298629E-02  7.90878431E-04  1.02252520E-06  4.55079304E-01  2.77222097E-02  1.38242064E+00 -1.99806718E+00 -1.99806718E+00  0.00000000E+00  1.45123783E+00
0580  1.72458998E-02  3.46119194E-04  1.89222568E-07  4.73497655E-01  1.09978097E-02  1.01501772E+00 -1.85537808E+00 -1.85537808E+00  0.00000000E+00  1.01730824E+00
0600  1.38215462E-02  2.27715307E-04  9.19758749E-08  4.08753990E-01  8.00759179E-03  7.61009368E-01 -1.74033730E+00 -1.74033730E+00  0.00000000E+00  8.37593964E-01
0620  1.12278744E-02  1.49227328E-04  3.81331923E-08  4.29198398E-01  4.89338422E-03  7.33746499E-01 -1.64317790E+00 -1.64317790E+00  0.00000000E+00  7.16446126E-01
0640  9.83470670E-03  1.14833637E-04  2.21919780E-08  4.39034028E-01  3.70691523E-03  6.83085396E-01 -1.55882931E+00 -1.55882931E+00  0.00000000E+00  6.26453283E-01
0660  8.93851887E-03  9.49191011E-05  1.52254207E-08  4.36698623E-01  2.98129646E-03  5.47004060E-01 -1.48446914E+00 -1.48446914E+00  0.00000000E+00  5.56782773E-01
0680  8.24040272E-03  8.03939901E-05  1.07843144E-08  4.43808796E-01  2.40584043E-03  5.08342755E-01 -1.41777122E+00 -1.41777122E+00  0.00000000E+00  5.01117597E-01
0700  7.81911471E-03  7.17196715E-05  8.46761642E-09  4.51264145E-01  1.97995508E-03  4.36838441E-01 -1.35751354E+00 -1.35751354E+00  0.00000000E+00  4.54854819E-01
0720  7.09159941E-03  6.03098876E-05  6.42579191E-09  4.11117884E-01  1.82271314E-03  4.02960954E-01 -1.30253606E+00 -1.30253606E+00  0.00000000E+00  4.14974367E-01
0740  6.96251189E-03  5.70598578E-05  5.32366260E-09  4.54960600E-01  1.51930070E-03  3.64475746E-01 -1.25238189E+00 -1.25238189E+00  0.00000000E+00  3.80975423E-01
0760  6.57396346E-03  5.14817988E-05  4.65043884E-09  4.15122041E-01  1.42442899E-03  3.47363910E-01 -1.20601787E+00 -1.20601787E+00  0.00000000E+00  3.53209483E-01
0780  6.28601316E-03  4.64228387E-05  3.56312527E-09  4.48879647E-01  1.16020504E-03  3.38188374E-01 -1.16289806E+00 -1.16289806E+00  0.00000000E+00  3.28243007E-01
0800  6.08321466E-03  4.34236488E-05  3.12361884E-09  4.47815576E-01  1.05085217E-03  2.95889715E-01 -1.12285917E+00 -1.12285917E+00  0.00000000E+00  3.16082037E-01
