#T[K]      <M>[μB]           <M^2>           <M^4>        U_{Binder}          \chi         C_v[K_B]          <E>       <E_{exc}>     <E_{lsf}>         Cv_new[K_B]
0000  1.86368201E+00  3.47331068E+00  1.20638877E+01  6.66666649E-01  7.83852968E+00  2.37184153E+06 -7.91462226E+00 -7.91462226E+00  0.00000000E+00  1.00038365E+00
0010  1.84984016E+00  3.42190864E+00  1.17094591E+01  6.66666656E-01  4.46744517E-04  1.04615196E+00 -7.85126173E+00 -7.85126173E+00  0.00000000E+00  1.00261007E+00
0030  1.81730095E+00  3.30258289E+00  1.09070558E+01  6.66666604E-01  8.64578106E-04  1.00279709E+00 -7.72369459E+00 -7.72369459E+00  0.00000000E+00  1.01120415E+00
0050  1.78524344E+00  3.18709451E+00  1.01575761E+01  6.66666513E-01  1.23565289E-03  1.01499400E+00 -7.59507829E+00 -7.59507829E+00  0.00000000E+00  1.01931124E+00
0070  1.75279431E+00  3.07228858E+00  9.43896555E+00  6.66666370E-01  1.64525310E-03  1.00785918E+00 -7.46545726E+00 -7.46545726E+00  0.00000000E+00  1.02812626E+00
0090  1.72052284E+00  2.96020005E+00  8.76279875E+00  6.66666119E-01  2.27471695E-03  9.90482669E-01 -7.33460772E+00 -7.33460772E+00  0.00000000E+00  1.03801562E+00
0110  1.68411908E+00  2.83625950E+00  8.04439539E+00  6.66665531E-01  3.69895968E-03  9.71488791E-01 -7.20248127E+00 -7.20248127E+00  0.00000000E+00  1.04841074E+00
0130  1.64867766E+00  2.71814120E+00  7.38832594E+00  6.66665116E-01  4.09363016E-03  1.04158673E+00 -7.06899818E+00 -7.06899818E+00  0.00000000E+00  1.05937279E+00
0150  1.61272956E+00  2.60090188E+00  6.76474503E+00  6.66663983E-01  5.87593833E-03  1.10752103E+00 -6.93409455E+00 -6.93409455E+00  0.00000000E+00  1.07172772E+00
0170  1.57776927E+00  2.48936237E+00  6.19698968E+00  6.66663188E-01  6.43796034E-03  1.13803706E+00 -6.79748140E+00 -6.79748140E+00  0.00000000E+00  1.08513845E+00
0190  1.54597085E+00  2.39003106E+00  5.71229818E+00  6.66663767E-01  4.60981769E-03  1.04197277E+00 -6.65918023E+00 -6.65918023E+00  0.00000000E+00  1.09961378E+00
0210  1.50663886E+00  2.26996924E+00  5.15283836E+00  6.66661620E-01  6.88754126E-03  1.14776997E+00 -6.51889983E+00 -6.51889983E+00  0.00000000E+00  1.11600815E+00
0230  1.46060225E+00  2.13337366E+00  4.55140868E+00  6.66657474E-01  1.07877517E-02  1.13034895E+00 -6.37644523E+00 -6.37644523E+00  0.00000000E+00  1.13473964E+00
0250  1.41383169E+00  1.99896557E+00  3.99622638E+00  6.66636383E-01  3.06657855E-02  1.09077129E+00 -6.23141930E+00 -6.23141930E+00  0.00000000E+00  1.15554551E+00
0270  1.37572712E+00  1.89263836E+00  3.58218015E+00  6.66657344E-01  8.25811970E-03  1.04056929E+00 -6.08369364E+00 -6.08369364E+00  0.00000000E+00  1.17947956E+00
0290  1.33591694E+00  1.78469674E+00  3.18530435E+00  6.66649722E-01  1.31551370E-02  1.11985357E+00 -5.93260414E+00 -5.93260414E+00  0.00000000E+00  1.20652592E+00
0310  1.28561658E+00  1.65284402E+00  2.73211800E+00  6.66639258E-01  1.84953278E-02  1.19366169E+00 -5.77802642E+00 -5.77802642E+00  0.00000000E+00  1.23750740E+00
0330  1.24579512E+00  1.55202501E+00  2.40890284E+00  6.66649894E-01  9.96265063E-03  1.25405128E+00 -5.61908792E+00 -5.61908792E+00  0.00000000E+00  1.27596020E+00
0350  1.19541157E+00  1.42905072E+00  2.04242585E+00  6.66627511E-01  2.01612220E-02  1.29212276E+00 -5.45476838E+00 -5.45476838E+00  0.00000000E+00  1.32125220E+00
0370  1.13489422E+00  1.28811871E+00  1.65993568E+00  6.66528881E-01  6.09109915E-02  1.34241790E+00 -5.28435538E+00 -5.28435538E+00  0.00000000E+00  1.37522265E+00
0390  1.08530612E+00  1.17793470E+00  1.38774301E+00  6.66615529E-01  1.95678067E-02  1.40164590E+00 -5.10636270E+00 -5.10636270E+00  0.00000000E+00  1.44571193E+00
0410  1.01238225E+00  1.02498102E+00  1.05084491E+00  6.66584544E-01  2.59594592E-02  1.51808702E+00 -4.91809160E+00 -4.91809160E+00  0.00000000E+00  1.53340230E+00
0430  9.14549028E-01  8.36525834E-01  7.00196358E-01  6.66466180E-01  4.93126418E-02  1.62085835E+00 -4.71788301E+00 -4.71788301E+00  0.00000000E+00  1.64688604E+00
0450  8.29075681E-01  6.87498673E-01  4.73019091E-01  6.66409491E-01  4.94706786E-02  1.95224281E+00 -4.50086138E+00 -4.50086138E+00  0.00000000E+00  1.81936026E+00
0470  6.75134729E-01  4.55921747E-01  2.08073558E-01  6.66331642E-01  4.11507055E-02  2.03143051E+00 -4.25695732E+00 -4.25695732E+00  0.00000000E+00  2.10755522E+00
0490  3.22089270E-01  1.05130374E-01  1.16119564E-02  6.49790664E-01  4.77346719E-01  2.52531544E+00 -3.96692296E+00 -3.96692296E+00  0.00000000E+00  2.45381642E+00
0495  1.11173969E-01  1.42225073E-02  3.19905649E-04  4.72832869E-01  6.33782747E-01  2.05842340E+00 -3.88791543E+00 -3.88791543E+00  0.00000000E+00  2.22142788E+00
0500  6.07629253E-02  4.28685113E-03  2.88460818E-05  4.76774655E-01  2.00312221E-01  1.92493990E+00 -3.82622609E+00 -3.82622609E+00  0.00000000E+00  1.84257601E+00
0505  4.85335261E-02  2.74545864E-03  1.19296013E-05  4.72436350E-01  1.30043904E-01  1.60495185E+00 -3.77121361E+00 -3.77121361E+00  0.00000000E+00  1.69435010E+00
0510  3.81981269E-02  1.66545971E-03  4.05971620E-06  5.12127705E-01  6.81439974E-02  1.55500978E+00 -3.71891234E+00 -3.71891234E+00  0.00000000E+00  1.61318002E+00
0530  2.25444095E-02  5.93639942E-04  5.73528662E-07  4.57515114E-01  2.71328348E-02  1.38851572E+00 -3.53400523E+00 -3.53400523E+00  0.00000000E+00  1.37211732E+00
0550  1.80135261E-02  3.78696795E-04  2.35313584E-07  4.53056477E-01  1.65989429E-02  1.20775381E+00 -3.37129338E+00 -3.37129338E+00  0.00000000E+00  1.22050177E+00
0570  1.39314480E-02  2.28783822E-04  8.83100376E-08  4.37609219E-01  1.02518718E-02  9.64064639E-01 -3.22479730E+00 -3.22479730E+00  0.00000000E+00  1.11146876E+00
0590  1.23506631E-02  1.79019617E-04  5.22563131E-08  4.56479079E-01  7.55865279E-03  1.04974273E+00 -3.08970841E+00 -3.08970841E+00  0.00000000E+00  1.02778463E+00
0610  1.08542434E-02  1.37159321E-04  3.02468846E-08  4.64069171E-01  5.34070994E-03  9.12101847E-01 -2.96441328E+00 -2.96441328E+00  0.00000000E+00  9.54448801E-01
0630  1.00370700E-02  1.18690533E-04  2.33156941E-08  4.48310223E-01  4.79773237E-03  8.60595274E-01 -2.84790365E+00 -2.84790365E+00  0.00000000E+00  8.90528200E-01
0650  9.43261813E-03  1.03572659E-04  1.74527128E-08  4.57685226E-01  3.78231313E-03  8.13266896E-01 -2.73880248E+00 -2.73880248E+00  0.00000000E+00  8.32135477E-01
0670  8.39543910E-03  8.35234711E-05  1.16155363E-08  4.44989828E-01  3.27771798E-03  7.62403187E-01 -2.63708635E+00 -2.63708635E+00  0.00000000E+00  7.80316953E-01
0690  8.11884098E-03  7.79484571E-05  1.01294324E-08  4.44289234E-01  2.93688389E-03  7.15783673E-01 -2.54111314E+00 -2.54111314E+00  0.00000000E+00  7.32879018E-01
0710  7.62634613E-03  6.86478459E-05  7.82153563E-09  4.46755705E-01  2.48740470E-03  6.88638521E-01 -2.45141517E+00 -2.45141517E+00  0.00000000E+00  6.87467294E-01
0730  7.48241692E-03  6.49767869E-05  6.75048662E-09  4.67036629E-01  2.07402506E-03  6.65195663E-01 -2.36694679E+00 -2.36694679E+00  0.00000000E+00  6.49836581E-01
0750  7.01075894E-03  5.75586213E-05  5.48355206E-09  4.48278446E-01  1.88795487E-03  6.38433814E-01 -2.28678237E+00 -2.28678237E+00  0.00000000E+00  6.12894337E-01
0770  6.62678343E-03  5.18014466E-05  4.45551575E-09  4.46531444E-01  1.72503460E-03  5.75131271E-01 -2.21167312E+00 -2.21167312E+00  0.00000000E+00  5.78249652E-01
0800  6.34294547E-03  4.76752221E-05  3.83422890E-09  4.37695794E-01  1.56668426E-03  5.63827761E-01 -2.10598778E+00 -2.10598778E+00  0.00000000E+00  5.56213181E-01
