   1    6    0   -1    0    1.799105
   1    5   -1   -1    0    1.758538
   1    6    0    0    0    1.282572
   1    5    0    0    0    1.332915
   1    8    0   -1    1    0.829860
   1   10    0   -1    0    0.829859
   1    7    0    0    0    0.570269
   1    9   -1    0    0    0.594109
   1    9    0    0    0    0.570269
   1    7   -1    0    0    0.594109
   1    4    0    0    0   -0.185426
   1    2    0    0    1   -0.145767
   1    2    0    0    0   -0.145767
   1    4    0    0    1   -0.185427
   1    5   -1    0    0   -0.039141
   1    5    0   -1    0   -0.020166
   1    6   -1   -1    0   -0.027475
   1    6    1    0    0   -0.027879
   1   10    1    0    0    0.052180
   1    8    0    0    1    0.042427
   1   10    0    0    0    0.042427
   1    8    1    0    1    0.052180
   1    9   -1   -1    0    0.158984
   1    7   -1   -1    0    0.158984
   1    7    0    1    0    0.152310
   1    9    0    1    0    0.152310
   1    3   -1   -1    1   -0.023567
   1    3    0   -1    0   -0.034865
   1    3    0   -1    1   -0.034865
   1    3   -1   -1    0   -0.023567
   1    3    0    0    0    0.145287
   1    3    0    0    1    0.145287
   1    1    0   -1    0    0.016965
   1    1    0    1    0    0.016965
   1    1   -1    0    0   -0.018532
   1    1    1    0    0   -0.018532
   1    1   -1   -1    0   -0.019800
   1    1    1    1    0   -0.019800
   1    4   -1   -1    1    0.005048
   1    4   -1   -1    0    0.005049
   1    2    1    0    0   -0.004149
   1    2    0   -1    1    0.002712
   1    2    0   -1    0    0.002711
   1    2    1    0    1   -0.004149
   1    4   -1    0    1    0.004959
   1    4   -1    0    0    0.004959
   1   10    0   -1    1    0.012516
   1    8    0   -1    0    0.012516
   1    8   -1   -1    1   -0.018555
   1   10    1   -1    0   -0.026890
   1    8    1   -1    1   -0.026890
   1   10   -1   -1    0   -0.018555
   1    4    0   -1    0    0.008396
   1    4    0   -1    1    0.008397
   1    2   -1   -1    1    0.016472
   1    2    1    1    0    0.006037
   1    2    1    1    1    0.006038
   1    2   -1   -1    0    0.016472
   1    4    0    1    0    0.008137
   1    4    0    1    1    0.008137
   1    6    1   -1    0   -0.010700
   1    5   -1   -2    0   -0.019988
   1    5   -2   -1    0   -0.010019
   1    6   -1   -2    0   -0.010812
   1    6   -1    0    0   -0.008495
   1    5    0    1    0    0.006447
   1    6    1    1    0   -0.008131
   1    5    1    0    0   -0.014749
   1    8    1    0    0   -0.019468
   1   10    0    0    1   -0.015688
   1    8    0    0    0   -0.015688
   1   10    1    0    1   -0.019467
   1    8   -1   -2    1   -0.020293
   1    8    0   -2    1   -0.018854
   1   10    0   -2    0   -0.018854
   1   10   -1   -2    0   -0.020293
   1    9   -2   -1    0    0.035992
   1    7    0   -1    0    0.041813
   1    9    0   -1    0    0.041812
   1    7   -2   -1    0    0.035992
   1    7    1    1    0   -0.006157
   1    9   -1    1    0    0.007350
   1    7   -1    1    0    0.007350
   1    9    1    1    0   -0.006158
   1    9    0    0   -1    0.003962
   1    7   -1    0    1    0.013586
   1    7    0    0    1    0.003962
   1    9   -1    0   -1    0.013586
   1    3   -1   -2    1   -0.009970
   1    3   -1   -2    0   -0.009969
   1    3    1    0    0    0.037103
   1    3   -1    0    1    0.017734
   1    3   -1    0    0    0.017734
   1    3    1    0    1    0.037102
   1    4    1    0    0    0.008412
   1    4    1    0    1    0.008413
   1    2   -1    0    1   -0.003729
   1    2    0    1    1   -0.004296
   1    2    0    1    0   -0.004297
   1    2   -1    0    0   -0.003728
   1    4    1    1    0    0.008319
   1    4    1    1    1    0.008318
   1    6    0   -2    0    0.019364
   1    5   -2   -2    0   -0.008009
   1    6    0    1    0   -0.013281
   1    5    1    1    0   -0.049741
   1   10   -1   -1    1   -0.000210
   1    8    1   -1    0   -0.005102
   1   10    1   -1    1   -0.005101
   1    8   -1   -1    0   -0.000210
   1   10    1    1    0   -0.024826
   1    8    1    1    1   -0.024826
   1    7    1    0    0    0.005654
   1    9   -2    0    0    0.000245
   1    9    1    0    0    0.005653
   1    7   -2    0    0    0.000246
   1    7   -1   -1    1   -0.029845
   1    9   -1   -1   -1   -0.029846
   1    9    0    1   -1    0.035190
   1    7    0    1    1    0.035189
   1    1    0    0   -1    0.021212
   1    1    0    0    1    0.021212
   1    4   -2   -1    1   -0.019575
   1    2    1   -1    0   -0.015748
   1    2    1   -1    1   -0.015748
   1    4   -2   -1    0   -0.019575
   1   10   -1   -2    1   -0.016245
   1   10    0   -2    1   -0.001091
   1    8    0   -2    0   -0.001090
   1    8   -1   -2    0   -0.016245
   1   10    2    0    0    0.004632
   1    8   -1    0    1   -0.003562
   1   10   -1    0    0   -0.003562
   1    8    2    0    1    0.004632
   1    5   -1   -1    1    0.005670
   1    6    0   -1   -1    0.014614
   1    6    0   -1    1    0.014614
   1    5   -1   -1   -1    0.005670
   1    5    0    0   -1   -0.001714
   1    6    0    0   -1   -0.010939
   1    6    0    0    1   -0.010938
   1    5    0    0    1   -0.001714
   1    3   -2   -2    1   -0.017088
   1    3    0   -2    0   -0.016570
   1    3    0   -2    1   -0.016569
   1    3   -2   -2    0   -0.017088
   1    3   -2   -1    1   -0.000345
   1    3    1   -1    0    0.022006
   1    3    1   -1    1    0.022006
   1    3   -2   -1    0   -0.000346
   1    3    1    1    0   -0.010586
   1    3    0    1    0   -0.027103
   1    3    0    1    1   -0.027104
   1    3    1    1    1   -0.010586
   1    1   -1    1    0    0.032231
   1    1    1   -1    0    0.032231
   1    1   -1   -2    0   -0.026546
   1    1    1    2    0   -0.026546
   1    1   -2   -1    0    0.026496
   1    1    2    1    0    0.026496
   1    4   -1   -2    1    0.007725
   1    4   -1   -2    0    0.007725
   1    2    2    1    0    0.015512
   1    2   -1   -2    1    0.012473
   1    2   -1   -2    0    0.012473
   1    2    2    1    1    0.015512
   1    4   -1    1    1    0.007740
   1    4   -1    1    0    0.007740
   1    5    0   -2    0   -0.005998
   1    5   -2    0    0    0.011049
   1    6    2    0    0    0.001301
   1    6   -2   -2    0    0.001301
   1    5   -1    1    0   -0.015505
   1    5    1   -1    0   -0.017889
   1    6   -2   -1    0   -0.025535
   1    6    2    1    0   -0.025535
   1    8    1    1    0    0.014375
   1   10    1    1    1    0.014375
   1    9   -2   -2    0    0.009733
   1    9   -1   -2    0    0.000727
   1    7   -1   -2    0    0.000727
   1    7   -2   -2    0    0.009733
   1   10    2    1    0   -0.008142
   1    8    0    1    1   -0.001413
   1   10    0    1    0   -0.001413
   1    8    2    1    1   -0.008142
   1    7    1    2    0   -0.004563
   1    7    0    2    0    0.008862
   1    9    0    2    0    0.008862
   1    9    1    2    0   -0.004563
   1    6    1    0   -1    0.001345
   1    6   -1   -1    1    0.001381
   1    5    0   -1   -1    0.005094
   1    5   -1    0    1    0.001655
   1    5   -1    0   -1    0.001656
   1    5    0   -1    1    0.005094
   1    6   -1   -1   -1    0.001381
   1    6    1    0    1    0.001345
   1    7   -2   -1    1    0.017792
   1    9    0   -1   -1    0.007934
   1    7    0   -1    1    0.007934
   1    9   -2   -1   -1    0.017793
   1    9    1    1   -1    0.004179
   1    7   -1    1    1    0.004396
   1    9   -1    1   -1    0.004396
   1    7    1    1    1    0.004180
   2    3   -1   -1    0    1.758538
   2    4   -1    0    0    1.757155
   2    4    0    0    0    1.328183
   2    3    0    0    0    1.332915
   2    7   -1    0    0    0.796378
   2    9   -1    0   -1    0.796379
   2    8    0    0    0    0.635463
   2   10    0    0    0    0.635463
   2    8    0   -1    0    0.635807
   2   10    0   -1    0    0.635807
   2    1    0    0   -1   -0.145767
   2    6    0    0   -1   -0.146403
   2    1    0    0    0   -0.145767
   2    6    0    0    0   -0.146403
   2    4   -1   -1    0   -0.039661
   2    3   -1    0    0   -0.039141
   2    3    0   -1    0   -0.020166
   2    4    0    1    0   -0.020455
   2    9    0    0   -1    0.051823
   2    9    0    1   -1    0.052536
   2    7    0    0    0    0.051823
   2    7    0    1    0    0.052536
   2   10   -1   -1    0    0.149857
   2    8   -1   -1    0    0.149857
   2    8    1    0    0    0.155428
   2   10    1    0    0    0.155427
   2    5   -1    0    0   -0.019214
   2    5   -1   -1    0   -0.019010
   2    5   -1    0   -1   -0.019214
   2    5   -1   -1   -1   -0.019010
   2    5    0    0   -1    0.138906
   2    5    0    0    0    0.138906
   2    2    0   -1    0   -0.025736
   2    2    0    1    0   -0.025736
   2    2    1    0    0   -0.016534
   2    2   -1    0    0   -0.016534
   2    2   -1   -1    0   -0.016945
   2    2    1    1    0   -0.016945
   2    1   -1    0    0   -0.004149
   2    6   -1   -1    0   -0.004413
   2    6    0   -1   -1    0.002388
   2    1    0    1   -1    0.002712
   2    6    0   -1    0    0.002388
   2    1    0    1    0    0.002711
   2    1   -1    0   -1   -0.004149
   2    6   -1   -1   -1   -0.004413
   2    9   -1    0    0    0.005083
   2    7   -1    0   -1    0.005083
   2    7   -1   -1    0   -0.013044
   2    7   -1    1    0   -0.013091
   2    9   -1   -1   -1   -0.013044
   2    9   -1    1   -1   -0.013091
   2    6    1    0   -1    0.016437
   2    1    1    1   -1    0.016472
   2    6   -1    0    0    0.006136
   2    1   -1   -1    0    0.006037
   2    6   -1    0   -1    0.006135
   2    1   -1   -1   -1    0.006038
   2    6    1    0    0    0.016437
   2    1    1    1    0    0.016472
   2    4   -2   -1    0   -0.010423
   2    3   -1   -2    0   -0.019988
   2    3   -2   -1    0   -0.010019
   2    4   -1    1    0   -0.019661
   2    4    0   -1    0    0.006445
   2    3    0    1    0    0.006447
   2    3    1    0    0   -0.014749
   2    4    1    1    0   -0.015149
   2    7    0    0   -1   -0.021429
   2    7    0    1   -1   -0.021261
   2    9    0    0    0   -0.021429
   2    9    0    1    0   -0.021261
   2    7   -2    0    0   -0.015103
   2    7   -2   -1    0   -0.015235
   2    9   -2    0   -1   -0.015102
   2    9   -2   -1   -1   -0.015235
   2   10   -1    0    0    0.037054
   2   10   -1   -2    0    0.037385
   2    8   -1    0    0    0.037055
   2    8   -1   -2    0    0.037385
   2    8    1   -1    0    0.000809
   2    8    1    1    0    0.001197
   2   10    1   -1    0    0.000809
   2   10    1    1    0    0.001197
   2   10    0    0   -1    0.005607
   2    8    0    0    1    0.005607
   2    8    0   -1    1    0.005760
   2   10    0   -1   -1    0.005760
   2    5   -2   -1    0   -0.002467
   2    5   -2   -1   -1   -0.002467
   2    5    0   -1   -1    0.016944
   2    5    0    1   -1    0.017033
   2    5    0   -1    0    0.016944
   2    5    0    1    0    0.017033
   2    1    1    0   -1   -0.003729
   2    6    1    1   -1   -0.003824
   2    1    0   -1   -1   -0.004296
   2    6    0    1   -1   -0.004556
   2    1    0   -1    0   -0.004297
   2    6    0    1    0   -0.004556
   2    1    1    0    0   -0.003728
   2    6    1    1    0   -0.003824
   2    3   -2   -2    0   -0.008009
   2    4   -2    0    0   -0.008341
   2    4    1    0    0   -0.049968
   2    3    1    1    0   -0.049741
   2    9   -1   -1    0    0.000833
   2    9   -1    1    0    0.001026
   2    7   -1   -1   -1    0.000834
   2    7   -1    1   -1    0.001026
   2    9    1    1   -1   -0.022959
   2    7    1    1    0   -0.022958
   2    8    0    1    0   -0.009389
   2   10    0    1    0   -0.009389
   2    8    0   -2    0   -0.009601
   2   10    0   -2    0   -0.009601
   2    8   -1   -1    1   -0.033619
   2   10   -1   -1   -1   -0.033619
   2   10    1    0   -1    0.031285
   2    8    1    0    1    0.031285
   2    2    0    0   -1    0.014379
   2    2    0    0    1    0.014379
   2    1   -1    1    0   -0.015748
   2    6   -1   -2    0   -0.015530
   2    1   -1    1   -1   -0.015748
   2    6   -1   -2   -1   -0.015530
   2    9   -2    0    0   -0.015439
   2    9   -2   -1    0   -0.015434
   2    7   -2    0   -1   -0.015439
   2    7   -2   -1   -1   -0.015434
   2    9    0   -1   -1   -0.002181
   2    9    0    2   -1   -0.002140
   2    7    0   -1    0   -0.002181
   2    7    0    2    0   -0.002140
   2    3   -1   -1    1    0.005670
   2    4   -1    0    1    0.005735
   2    3   -1   -1   -1    0.005670
   2    4   -1    0   -1    0.005734
   2    4    0    0   -1   -0.001885
   2    3    0    0   -1   -0.001714
   2    4    0    0    1   -0.001885
   2    3    0    0    1   -0.001714
   2    5   -2    0    0   -0.015820
   2    5   -2   -2    0   -0.015667
   2    5   -2    0   -1   -0.015820
   2    5   -2   -2   -1   -0.015668
   2    5   -1    1    0    0.009511
   2    5   -1   -2    0    0.009760
   2    5   -1    1   -1    0.009511
   2    5   -1   -2   -1    0.009760
   2    5    1    0   -1   -0.021546
   2    5    1    1   -1   -0.021631
   2    5    1    0    0   -0.021546
   2    5    1    1    0   -0.021631
   2    2   -1    1    0    0.024927
   2    2    1   -1    0    0.024927
   2    2   -1   -2    0    0.024835
   2    2    1    2    0    0.024835
   2    2   -2   -1    0   -0.008206
   2    2    2    1    0   -0.008206
   2    6   -2   -1    0    0.015391
   2    1   -2   -1    0    0.015512
   2    6    1   -1   -1    0.012410
   2    1    1    2   -1    0.012473
   2    6    1   -1    0    0.012410
   2    1    1    2    0    0.012473
   2    6   -2   -1   -1    0.015390
   2    1   -2   -1   -1    0.015512
   2    4   -2   -2    0    0.011055
   2    3    0   -2    0   -0.005998
   2    3   -2    0    0    0.011049
   2    4    0    2    0   -0.005772
   2    4   -1   -2    0   -0.015037
   2    3   -1    1    0   -0.015505
   2    3    1   -1    0   -0.017889
   2    4    1    2    0   -0.017954
   2    7    1    1   -1    0.027401
   2    9    1    1    0    0.027401
   2   10   -2   -1    0   -0.027239
   2   10   -2   -2    0   -0.027274
   2    8   -2   -1    0   -0.027239
   2    8   -2   -2    0   -0.027274
   2    9    1    0   -1   -0.003791
   2    9    1    2   -1   -0.003827
   2    7    1    0    0   -0.003791
   2    7    1    2    0   -0.003827
   2    8    2    0    0   -0.027274
   2    8    2    1    0   -0.027239
   2   10    2    0    0   -0.027274
   2   10    2    1    0   -0.027239
   2    4   -1   -1    1    0.001675
   2    4   -1   -1   -1    0.001675
   2    3    0   -1   -1    0.005094
   2    3   -1    0    1    0.001655
   2    3   -1    0   -1    0.001656
   2    3    0   -1    1    0.005094
   2    4    0    1   -1    0.005107
   2    4    0    1    1    0.005107
   2    8   -1    0    1    0.016373
   2    8   -1   -2    1    0.016336
   2   10   -1    0   -1    0.016373
   2   10   -1   -2   -1    0.016336
   2   10    1   -1   -1   -0.002321
   2   10    1    1   -1   -0.002363
   2    8    1   -1    1   -0.002321
   2    8    1    1    1   -0.002363
   3    2    1    1    0    1.758538
   3    4    0    1    0    1.799106
   3    4    0    0    0    1.282572
   3    2    0    0    0    1.332915
   3    9    0    1   -1    0.829860
   3    7    0    1    0    0.829860
   3   10    0    0    0    0.570269
   3    8    1    0    0    0.594109
   3    8    0    0    0    0.570269
   3   10    1    0    0    0.594109
   3    6    0    0    0   -0.185426
   3    5    0    0   -1   -0.145767
   3    5    0    0    0   -0.145767
   3    6    0    0   -1   -0.185427
   3    2    1    0    0   -0.039141
   3    2    0    1    0   -0.020166
   3    4    1    1    0   -0.027475
   3    4   -1    0    0   -0.027879
   3    7   -1    0    0    0.052180
   3    9    0    0   -1    0.042427
   3    7    0    0    0    0.042427
   3    9   -1    0   -1    0.052180
   3    8    1    1    0    0.158984
   3   10    1    1    0    0.158984
   3   10    0   -1    0    0.152310
   3    8    0   -1    0    0.152310
   3    1    1    1   -1   -0.023567
   3    1    0    1    0   -0.034865
   3    1    0    1   -1   -0.034865
   3    1    1    1    0   -0.023567
   3    1    0    0    0    0.145287
   3    1    0    0   -1    0.145287
   3    3    0   -1    0    0.016965
   3    3    0    1    0    0.016965
   3    3    1    0    0   -0.018532
   3    3   -1    0    0   -0.018532
   3    3   -1   -1    0   -0.019800
   3    3    1    1    0   -0.019800
   3    5   -1    0    0   -0.004149
   3    6    1    0   -1    0.004959
   3    6    1    1   -1    0.005048
   3    5    0    1   -1    0.002712
   3    5    0    1    0    0.002711
   3    6    1    0    0    0.004959
   3    6    1    1    0    0.005049
   3    5   -1    0   -1   -0.004149
   3    7    0    1   -1    0.012516
   3    9    0    1    0    0.012516
   3    9    1    1   -1   -0.018555
   3    7   -1    1    0   -0.026890
   3    9   -1    1   -1   -0.026890
   3    7    1    1    0   -0.018555
   3    5    1    1   -1    0.016472
   3    5   -1   -1    0    0.006037
   3    6    0    1    0    0.008396
   3    6    0   -1    0    0.008137
   3    6    0    1   -1    0.008397
   3    6    0   -1   -1    0.008137
   3    5   -1   -1   -1    0.006038
   3    5    1    1    0    0.016472
   3    2    1    2    0   -0.019988
   3    2    2    1    0   -0.010019
   3    4   -1    1    0   -0.010700
   3    4    1    2    0   -0.010812
   3    4    1    0    0   -0.008495
   3    4   -1   -1    0   -0.008131
   3    2    0   -1    0    0.006447
   3    2   -1    0    0   -0.014749
   3    9   -1    0    0   -0.019468
   3    7    0    0   -1   -0.015688
   3    9    0    0    0   -0.015688
   3    7   -1    0   -1   -0.019467
   3    9    1    2   -1   -0.020293
   3    9    0    2   -1   -0.018854
   3    7    0    2    0   -0.018854
   3    7    1    2    0   -0.020293
   3    8    2    1    0    0.035992
   3   10    0    1    0    0.041813
   3    8    0    1    0    0.041812
   3   10    2    1    0    0.035992
   3   10   -1   -1    0   -0.006157
   3    8    1   -1    0    0.007350
   3   10    1   -1    0    0.007350
   3    8   -1   -1    0   -0.006158
   3    8    0    0    1    0.003962
   3   10    1    0   -1    0.013586
   3    8    1    0    1    0.013586
   3   10    0    0   -1    0.003962
   3    1    1    2   -1   -0.009970
   3    1    1    2    0   -0.009969
   3    1   -1    0    0    0.037103
   3    1    1    0   -1    0.017734
   3    1    1    0    0    0.017734
   3    1   -1    0   -1    0.037102
   3    6   -1    0    0    0.008412
   3    6   -1   -1    0    0.008319
   3    5    1    0   -1   -0.003729
   3    5    0   -1   -1   -0.004296
   3    5    0   -1    0   -0.004297
   3    5    1    0    0   -0.003728
   3    6   -1    0   -1    0.008413
   3    6   -1   -1   -1    0.008318
   3    2    2    2    0   -0.008009
   3    4    0    2    0    0.019364
   3    4    0   -1    0   -0.013281
   3    2   -1   -1    0   -0.049741
   3    7    1    1   -1   -0.000210
   3    9   -1    1    0   -0.005102
   3    7   -1    1   -1   -0.005101
   3    9    1    1    0   -0.000210
   3    7   -1   -1    0   -0.024826
   3    9   -1   -1   -1   -0.024826
   3   10   -1    0    0    0.005654
   3    8    2    0    0    0.000245
   3    8   -1    0    0    0.005653
   3   10    2    0    0    0.000246
   3   10    1    1   -1   -0.029845
   3    8    1    1    1   -0.029846
   3    8    0   -1    1    0.035190
   3   10    0   -1   -1    0.035189
   3    3    0    0    1    0.021212
   3    3    0    0   -1    0.021212
   3    6    2    1   -1   -0.019575
   3    5   -1    1    0   -0.015748
   3    5   -1    1   -1   -0.015748
   3    6    2    1    0   -0.019575
   3    7    1    2   -1   -0.016245
   3    7    0    2   -1   -0.001091
   3    9    0    2    0   -0.001090
   3    9    1    2    0   -0.016245
   3    7   -2    0    0    0.004632
   3    9    1    0   -1   -0.003562
   3    7    1    0    0   -0.003562
   3    9   -2    0   -1    0.004632
   3    2    1    1   -1    0.005670
   3    2    1    1    1    0.005670
   3    4    0    1   -1    0.014614
   3    4    0    1    1    0.014614
   3    4    0    0   -1   -0.010938
   3    4    0    0    1   -0.010939
   3    2    0    0    1   -0.001714
   3    2    0    0   -1   -0.001714
   3    1    2    2   -1   -0.017088
   3    1    0    2    0   -0.016570
   3    1    0    2   -1   -0.016569
   3    1    2    2    0   -0.017088
   3    1    2    1   -1   -0.000345
   3    1   -1    1    0    0.022006
   3    1   -1    1   -1    0.022006
   3    1    2    1    0   -0.000346
   3    1   -1   -1    0   -0.010586
   3    1    0   -1    0   -0.027103
   3    1    0   -1   -1   -0.027104
   3    1   -1   -1   -1   -0.010586
   3    3   -1    1    0    0.032231
   3    3    1   -1    0    0.032231
   3    3   -1   -2    0   -0.026546
   3    3    1    2    0   -0.026546
   3    3   -2   -1    0    0.026496
   3    3    2    1    0    0.026496
   3    5   -2   -1    0    0.015512
   3    5    1    2   -1    0.012473
   3    6    1   -1   -1    0.007740
   3    6    1    2   -1    0.007725
   3    6    1   -1    0    0.007740
   3    6    1    2    0    0.007725
   3    5    1    2    0    0.012473
   3    5   -2   -1   -1    0.015512
   3    2    0    2    0   -0.005998
   3    2    2    0    0    0.011049
   3    4   -2    0    0    0.001301
   3    4    2    2    0    0.001301
   3    4    2    1    0   -0.025535
   3    4   -2   -1    0   -0.025535
   3    2    1   -1    0   -0.015505
   3    2   -1    1    0   -0.017889
   3    9   -1   -1    0    0.014375
   3    7   -1   -1   -1    0.014375
   3    8    2    2    0    0.009733
   3    8    1    2    0    0.000727
   3   10    1    2    0    0.000727
   3   10    2    2    0    0.009733
   3    7   -2   -1    0   -0.008142
   3    9    0   -1   -1   -0.001413
   3    7    0   -1    0   -0.001413
   3    9   -2   -1   -1   -0.008142
   3   10   -1   -2    0   -0.004563
   3   10    0   -2    0    0.008862
   3    8    0   -2    0    0.008862
   3    8   -1   -2    0   -0.004563
   3    4    1    1   -1    0.001381
   3    4   -1    0    1    0.001345
   3    2    0    1    1    0.005094
   3    2    1    0   -1    0.001655
   3    2    1    0    1    0.001656
   3    2    0    1   -1    0.005094
   3    4   -1    0   -1    0.001345
   3    4    1    1    1    0.001381
   3   10    2    1   -1    0.017792
   3    8    0    1    1    0.007934
   3   10    0    1   -1    0.007934
   3    8    2    1    1    0.017793
   3    8   -1   -1    1    0.004179
   3   10    1   -1   -1    0.004396
   3    8    1   -1    1    0.004396
   3   10   -1   -1   -1    0.004180
   4    2    1    0    0    1.757155
   4    3    0   -1    0    1.799106
   4    3    0    0    0    1.282572
   4    2    0    0    0    1.328183
   4    9    0    0   -1    0.830364
   4    7    0    0    0    0.830364
   4    8    1    0    0    0.598193
   4   10    1    0    0    0.598193
   4   10    0   -1    0    0.574422
   4    8    0   -1    0    0.574424
   4    5    0    0   -1   -0.146403
   4    5    0    0    0   -0.146403
   4    1    0    0    0   -0.185426
   4    1    0    0   -1   -0.185427
   4    2    1    1    0   -0.039661
   4    3   -1   -1    0   -0.027475
   4    3    1    0    0   -0.027879
   4    2    0   -1    0   -0.020455
   4    9    0    1   -1    0.042019
   4    7    0    1    0    0.042019
   4    7   -1    0    0    0.050842
   4    9   -1    0   -1    0.050842
   4    8    1   -1    0    0.159083
   4   10    1   -1    0    0.159082
   4   10    0    0    0    0.153275
   4    8    0    0    0    0.153274
   4    6    1    0   -1   -0.023219
   4    6    1    0    0   -0.023219
   4    6    0   -1    0   -0.034519
   4    6    0   -1   -1   -0.034519
   4    6    0    0    0    0.145605
   4    6    0    0   -1    0.145605
   4    4    0   -1    0    0.015108
   4    4    0    1    0    0.015108
   4    4   -1    0    0   -0.021575
   4    4    1    0    0   -0.021575
   4    4    1    1    0   -0.016273
   4    4   -1   -1    0   -0.016273
   4    1    1    1   -1    0.005048
   4    1    1    1    0    0.005049
   4    5   -1   -1    0   -0.004413
   4    1    1    0   -1    0.004959
   4    5   -1   -1   -1   -0.004413
   4    1    1    0    0    0.004959
   4    5    0   -1   -1    0.002388
   4    5    0   -1    0    0.002388
   4    7    0    0   -1    0.013097
   4    9    0    0    0    0.013098
   4    9    1    1   -1   -0.018952
   4    7    1    1    0   -0.018953
   4    7   -1   -1    0   -0.027159
   4    9   -1   -1   -1   -0.027159
   4    1    0    1    0    0.008396
   4    1    0    1   -1    0.008397
   4    5   -1    0    0    0.006136
   4    5   -1    0   -1    0.006135
   4    5    1    0   -1    0.016437
   4    5    1    0    0    0.016437
   4    1    0   -1    0    0.008137
   4    1    0   -1   -1    0.008137
   4    2    2    1    0   -0.010423
   4    3    1   -1    0   -0.010700
   4    3   -1   -2    0   -0.010812
   4    2    1   -1    0   -0.019661
   4    2    0    1    0    0.006445
   4    3   -1    0    0   -0.008495
   4    3    1    1    0   -0.008131
   4    2   -1   -1    0   -0.015149
   4    7    0    1   -1   -0.015124
   4    9    0    1    0   -0.015124
   4    9   -1    0    0   -0.019139
   4    7   -1    0   -1   -0.019139
   4    9    1    0   -1   -0.020144
   4    7    1    0    0   -0.020143
   4    9    0   -1   -1   -0.018830
   4    7    0   -1    0   -0.018830
   4    8    2    0    0    0.036217
   4   10    2    0    0    0.036217
   4   10    0   -2    0    0.041934
   4    8    0   -2    0    0.041934
   4    8    1    1    0    0.007662
   4   10    1    1    0    0.007662
   4   10   -1   -1    0   -0.005975
   4    8   -1   -1    0   -0.005975
   4   10    1    0   -1    0.013255
   4    8    1    0    1    0.013256
   4    8    0   -1    1    0.003734
   4   10    0   -1   -1    0.003734
   4    6    1   -1   -1   -0.009964
   4    6    1   -1    0   -0.009964
   4    6    1    1   -1    0.017900
   4    6    1    1    0    0.017899
   4    6   -1   -1    0    0.037391
   4    6   -1   -1   -1    0.037390
   4    5    0    1   -1   -0.004556
   4    5    0    1    0   -0.004556
   4    5    1    1   -1   -0.003824
   4    1   -1    0    0    0.008412
   4    5    1    1    0   -0.003824
   4    1   -1    0   -1    0.008413
   4    1   -1   -1    0    0.008319
   4    1   -1   -1   -1    0.008318
   4    2    2    0    0   -0.008341
   4    3    0   -2    0    0.019364
   4    3    0    1    0   -0.013281
   4    2   -1    0    0   -0.049968
   4    7    1    1   -1   -0.000478
   4    9    1    1    0   -0.000478
   4    9   -1   -1    0   -0.005087
   4    7   -1   -1   -1   -0.005087
   4    7   -1    1    0   -0.024954
   4    9   -1    1   -1   -0.024954
   4    8    2    1    0    0.000113
   4   10    2    1    0    0.000113
   4   10   -1   -2    0    0.005227
   4    8   -1   -2    0    0.005227
   4   10    1   -1   -1   -0.029723
   4    8    1   -1    1   -0.029724
   4    8    0    0    1    0.034791
   4   10    0    0   -1    0.034792
   4    4    0    0    1    0.021315
   4    4    0    0   -1    0.021315
   4    1    2    1   -1   -0.019575
   4    1    2    1    0   -0.019575
   4    5   -1   -2    0   -0.015530
   4    5   -1   -2   -1   -0.015530
   4    7    1    0   -1   -0.015757
   4    9    1    0    0   -0.015757
   4    7    0   -1   -1   -0.000602
   4    9    0   -1    0   -0.000602
   4    9    1    2   -1   -0.003903
   4    7    1    2    0   -0.003902
   4    7   -2   -1    0    0.004796
   4    9   -2   -1   -1    0.004796
   4    2    1    0   -1    0.005735
   4    2    1    0    1    0.005734
   4    3    0   -1    1    0.014614
   4    3    0   -1   -1    0.014614
   4    3    0    0    1   -0.010938
   4    3    0    0   -1   -0.010939
   4    2    0    0    1   -0.001885
   4    2    0    0   -1   -0.001885
   4    6    2    0   -1   -0.017519
   4    6    2    0    0   -0.017519
   4    6    0   -2    0   -0.016768
   4    6    0   -2   -1   -0.016768
   4    6    2    1   -1   -0.000343
   4    6    2    1    0   -0.000343
   4    6   -1   -2    0    0.022214
   4    6   -1   -2   -1    0.022214
   4    6    0    1    0   -0.027149
   4    6    0    1   -1   -0.027149
   4    6   -1    0    0   -0.010927
   4    6   -1    0   -1   -0.010927
   4    4   -1    1    0   -0.026625
   4    4    1   -1    0   -0.026625
   4    4   -1   -2    0    0.031992
   4    4    1    2    0    0.031992
   4    4   -2   -1    0    0.025198
   4    4    2    1    0    0.025198
   4    1    1    2   -1    0.007725
   4    1    1    2    0    0.007725
   4    5   -2   -1    0    0.015391
   4    5   -2   -1   -1    0.015390
   4    5    1   -1   -1    0.012410
   4    1    1   -1   -1    0.007740
   4    5    1   -1    0    0.012410
   4    1    1   -1    0    0.007740
   4    2    2    2    0    0.011055
   4    3    2    0    0    0.001301
   4    3   -2   -2    0    0.001301
   4    2    0   -2    0   -0.005772
   4    2    1    2    0   -0.015037
   4    3   -2   -1    0   -0.025535
   4    3    2    1    0   -0.025535
   4    2   -1   -2    0   -0.017954
   4    9   -1    1    0    0.014519
   4    7   -1    1   -1    0.014518
   4    8    2   -1    0    0.009970
   4   10    2   -1    0    0.009970
   4    8    1   -2    0    0.000820
   4   10    1   -2    0    0.000820
   4    9    0    2   -1   -0.001422
   4    7    0    2    0   -0.001422
   4    7   -2    0    0   -0.007969
   4    9   -2    0   -1   -0.007969
   4   10    0    1    0    0.008812
   4    8    0    1    0    0.008812
   4   10   -1    0    0   -0.004198
   4    8   -1    0    0   -0.004198
   4    2    1    1   -1    0.001675
   4    2    1    1    1    0.001675
   4    3   -1   -1    1    0.001381
   4    3    1    0   -1    0.001345
   4    3    1    0    1    0.001345
   4    3   -1   -1   -1    0.001381
   4    2    0   -1    1    0.005107
   4    2    0   -1   -1    0.005107
   4   10    2    0   -1    0.018035
   4    8    2    0    1    0.018036
   4    8    0   -2    1    0.007823
   4   10    0   -2   -1    0.007823
   4   10    1    1   -1    0.004282
   4    8    1    1    1    0.004283
   4    8   -1   -1    1    0.004483
   4   10   -1   -1   -1    0.004483
   5    6    1    0    0    1.757155
   5    1    1    1    0    1.758538
   5    6    0    0    0    1.328183
   5    1    0    0    0    1.332915
   5   10    1    0    0    0.796378
   5    8    1    0    1    0.796379
   5    7    0    0    0    0.635463
   5    9    0    0    0    0.635463
   5    7    0    1    0    0.635807
   5    9    0    1    0    0.635808
   5    4    0    0    1   -0.146403
   5    4    0    0    0   -0.146403
   5    3    0    0    1   -0.145767
   5    3    0    0    0   -0.145767
   5    1    0    1    0   -0.020166
   5    1    1    0    0   -0.039141
   5    6    0   -1    0   -0.020455
   5    6    1    1    0   -0.039661
   5    8    0    0    1    0.051823
   5    8    0   -1    1    0.052536
   5   10    0    0    0    0.051823
   5   10    0   -1    0    0.052536
   5    7    1    1    0    0.149857
   5    9    1    1    0    0.149857
   5    9   -1    0    0    0.155428
   5    7   -1    0    0    0.155427
   5    2    1    0    0   -0.019214
   5    2    1    1    0   -0.019010
   5    2    1    0    1   -0.019214
   5    2    1    1    1   -0.019010
   5    2    0    0    1    0.138906
   5    2    0    0    0    0.138906
   5    5    0   -1    0   -0.025736
   5    5    0    1    0   -0.025736
   5    5   -1    0    0   -0.016534
   5    5    1    0    0   -0.016534
   5    5   -1   -1    0   -0.016945
   5    5    1    1    0   -0.016945
   5    3    1    0    0   -0.004149
   5    3    0   -1    1    0.002712
   5    3    0   -1    0    0.002711
   5    4    1    1    0   -0.004413
   5    3    1    0    1   -0.004149
   5    4    1    1    1   -0.004413
   5    4    0    1    1    0.002388
   5    4    0    1    0    0.002388
   5    8    1    0    0    0.005083
   5   10    1    0    1    0.005083
   5   10    1   -1    0   -0.013091
   5   10    1    1    0   -0.013044
   5    8    1    1    1   -0.013044
   5    8    1   -1    1   -0.013091
   5    4    1    0    0    0.006136
   5    4    1    0    1    0.006135
   5    3   -1   -1    1    0.016472
   5    3    1    1    0    0.006037
   5    4   -1    0    1    0.016437
   5    3    1    1    1    0.006038
   5    3   -1   -1    0    0.016472
   5    4   -1    0    0    0.016437
   5    6    1   -1    0   -0.019661
   5    1    1    2    0   -0.019988
   5    1    2    1    0   -0.010019
   5    6    2    1    0   -0.010423
   5    6    0    1    0    0.006445
   5    1    0   -1    0    0.006447
   5    1   -1    0    0   -0.014749
   5    6   -1   -1    0   -0.015149
   5   10    0    0    1   -0.021429
   5   10    0   -1    1   -0.021261
   5    8    0    0    0   -0.021429
   5    8    0   -1    0   -0.021261
   5   10    2    0    0   -0.015103
   5   10    2    1    0   -0.015235
   5    8    2    0    1   -0.015102
   5    8    2    1    1   -0.015235
   5    7    1    0    0    0.037054
   5    7    1    2    0    0.037385
   5    9    1    0    0    0.037055
   5    9    1    2    0    0.037385
   5    9   -1    1    0    0.000809
   5    9   -1   -1    0    0.001197
   5    7   -1    1    0    0.000809
   5    7   -1   -1    0    0.001197
   5    7    0    0    1    0.005607
   5    9    0    0   -1    0.005607
   5    7    0    1    1    0.005760
   5    9    0    1   -1    0.005760
   5    2    2    1    0   -0.002467
   5    2    2    1    1   -0.002467
   5    2    0    1    1    0.016944
   5    2    0   -1    1    0.017033
   5    2    0    1    0    0.016944
   5    2    0   -1    0    0.017033
   5    4    0   -1    1   -0.004556
   5    4    0   -1    0   -0.004556
   5    4   -1   -1    1   -0.003824
   5    4   -1   -1    0   -0.003824
   5    3   -1    0    1   -0.003729
   5    3    0    1    1   -0.004296
   5    3    0    1    0   -0.004297
   5    3   -1    0    0   -0.003728
   5    6    2    0    0   -0.008341
   5    1    2    2    0   -0.008009
   5    6   -1    0    0   -0.049968
   5    1   -1   -1    0   -0.049741
   5    8    1    1    0    0.000833
   5    8    1   -1    0    0.001026
   5   10    1   -1    1    0.001026
   5   10    1    1    1    0.000834
   5    8   -1   -1    1   -0.022959
   5   10   -1   -1    0   -0.022958
   5    7    0   -1    0   -0.009389
   5    9    0   -1    0   -0.009389
   5    7    0    2    0   -0.009601
   5    9    0    2    0   -0.009601
   5    9    1    1   -1   -0.033619
   5    7    1    1    1   -0.033619
   5    7   -1    0    1    0.031285
   5    9   -1    0   -1    0.031285
   5    5    0    0   -1    0.014379
   5    5    0    0    1    0.014379
   5    3    1   -1    0   -0.015748
   5    3    1   -1    1   -0.015748
   5    4    1    2    0   -0.015530
   5    4    1    2    1   -0.015530
   5    8    2    0    0   -0.015439
   5    8    2    1    0   -0.015434
   5   10    2    0    1   -0.015439
   5   10    2    1    1   -0.015434
   5    8    0    1    1   -0.002181
   5    8    0   -2    1   -0.002140
   5   10    0    1    0   -0.002181
   5   10    0   -2    0   -0.002140
   5    6    1    0   -1    0.005735
   5    1    1    1   -1    0.005670
   5    6    1    0    1    0.005734
   5    1    1    1    1    0.005670
   5    6    0    0    1   -0.001885
   5    1    0    0    1   -0.001714
   5    6    0    0   -1   -0.001885
   5    1    0    0   -1   -0.001714
   5    2    2    0    0   -0.015820
   5    2    2    2    0   -0.015667
   5    2    2    0    1   -0.015820
   5    2    2    2    1   -0.015668
   5    2    1   -1    0    0.009511
   5    2    1    2    0    0.009760
   5    2    1   -1    1    0.009511
   5    2    1    2    1    0.009760
   5    2   -1    0    1   -0.021546
   5    2   -1   -1    1   -0.021631
   5    2   -1    0    0   -0.021546
   5    2   -1   -1    0   -0.021631
   5    5   -1    1    0    0.024927
   5    5    1   -1    0    0.024927
   5    5   -1   -2    0    0.024835
   5    5    1    2    0    0.024835
   5    5   -2   -1    0   -0.008206
   5    5    2    1    0   -0.008206
   5    4    2    1    0    0.015391
   5    3    2    1    0    0.015512
   5    3   -1   -2    1    0.012473
   5    4    2    1    1    0.015390
   5    3   -1   -2    0    0.012473
   5    3    2    1    1    0.015512
   5    4   -1    1    1    0.012410
   5    4   -1    1    0    0.012410
   5    1    0    2    0   -0.005998
   5    1    2    0    0    0.011049
   5    6    0   -2    0   -0.005772
   5    6    2    2    0    0.011055
   5    1    1   -1    0   -0.015505
   5    1   -1    1    0   -0.017889
   5    6    1    2    0   -0.015037
   5    6   -1   -2    0   -0.017954
   5   10   -1   -1    1    0.027401
   5    8   -1   -1    0    0.027401
   5    7    2    1    0   -0.027239
   5    7    2    2    0   -0.027274
   5    9    2    1    0   -0.027239
   5    9    2    2    0   -0.027274
   5    8   -1    0    1   -0.003791
   5    8   -1   -2    1   -0.003827
   5   10   -1    0    0   -0.003791
   5   10   -1   -2    0   -0.003827
   5    9   -2    0    0   -0.027274
   5    9   -2   -1    0   -0.027239
   5    7   -2    0    0   -0.027274
   5    7   -2   -1    0   -0.027239
   5    1    0    1    1    0.005094
   5    1    1    0   -1    0.001655
   5    6    0   -1    1    0.005107
   5    6    1    1   -1    0.001675
   5    1    1    0    1    0.001656
   5    1    0    1   -1    0.005094
   5    6    1    1    1    0.001675
   5    6    0   -1   -1    0.005107
   5    9    1    0   -1    0.016373
   5    9    1    2   -1    0.016336
   5    7    1    0    1    0.016373
   5    7    1    2    1    0.016336
   5    7   -1    1    1   -0.002321
   5    7   -1   -1    1   -0.002363
   5    9   -1    1   -1   -0.002321
   5    9   -1   -1   -1   -0.002363
   6    1    0    1    0    1.799105
   6    5   -1    0    0    1.757155
   6    1    0    0    0    1.282572
   6    5    0    0    0    1.328183
   6    8    0    0    1    0.830364
   6   10    0    0    0    0.830364
   6    7    0    1    0    0.574422
   6    9   -1    0    0    0.598193
   6    7   -1    0    0    0.598193
   6    9    0    1    0    0.574424
   6    3    0    0    0   -0.185426
   6    2    0    0    1   -0.146403
   6    2    0    0    0   -0.146403
   6    3    0    0    1   -0.185427
   6    5   -1   -1    0   -0.039661
   6    5    0    1    0   -0.020455
   6    1   -1    0    0   -0.027879
   6    1    1    1    0   -0.027475
   6   10    1    0    0    0.050842
   6    8    0   -1    1    0.042019
   6   10    0   -1    0    0.042019
   6    8    1    0    1    0.050842
   6    9   -1    1    0    0.159083
   6    7   -1    1    0    0.159082
   6    7    0    0    0    0.153275
   6    9    0    0    0    0.153274
   6    4   -1    0    1   -0.023219
   6    4   -1    0    0   -0.023219
   6    4    0    1    0   -0.034519
   6    4    0    1    1   -0.034519
   6    4    0    0    0    0.145605
   6    4    0    0    1    0.145605
   6    6    0    1    0    0.015108
   6    6    0   -1    0    0.015108
   6    6   -1    0    0   -0.021575
   6    6    1    0    0   -0.021575
   6    6   -1   -1    0   -0.016273
   6    6    1    1    0   -0.016273
   6    2    1    1    0   -0.004413
   6    3   -1    0    1    0.004959
   6    3   -1   -1    1    0.005048
   6    2    0    1    1    0.002388
   6    2    0    1    0    0.002388
   6    3   -1    0    0    0.004959
   6    3   -1   -1    0    0.005049
   6    2    1    1    1   -0.004413
   6   10    0    0    1    0.013097
   6    8    0    0    0    0.013098
   6    8   -1   -1    1   -0.018952
   6   10    1    1    0   -0.027159
   6    8    1    1    1   -0.027159
   6   10   -1   -1    0   -0.018953
   6    2   -1    0    1    0.016437
   6    2    1    0    0    0.006136
   6    3    0   -1    0    0.008396
   6    3    0    1    0    0.008137
   6    3    0   -1    1    0.008397
   6    3    0    1    1    0.008137
   6    2    1    0    1    0.006135
   6    2   -1    0    0    0.016437
   6    5   -1    1    0   -0.019661
   6    1   -1    1    0   -0.010700
   6    1    1    2    0   -0.010812
   6    5   -2   -1    0   -0.010423
   6    5    0   -1    0    0.006445
   6    1    1    0    0   -0.008495
   6    1   -1   -1    0   -0.008131
   6    5    1    1    0   -0.015149
   6    8    1    0    0   -0.019139
   6   10    0   -1    1   -0.015124
   6    8    0   -1    0   -0.015124
   6   10    1    0    1   -0.019139
   6    8   -1    0    1   -0.020144
   6    8    0    1    1   -0.018830
   6   10    0    1    0   -0.018830
   6   10   -1    0    0   -0.020143
   6    9   -2    0    0    0.036217
   6    7    0    2    0    0.041934
   6    9    0    2    0    0.041934
   6    7   -2    0    0    0.036217
   6    7    1    1    0   -0.005975
   6    9   -1   -1    0    0.007662
   6    7   -1   -1    0    0.007662
   6    9    1    1    0   -0.005975
   6    9    0    1   -1    0.003734
   6    7   -1    0    1    0.013255
   6    9   -1    0   -1    0.013256
   6    7    0    1    1    0.003734
   6    4   -1    1    1   -0.009964
   6    4   -1    1    0   -0.009964
   6    4   -1   -1    1    0.017900
   6    4   -1   -1    0    0.017899
   6    4    1    1    0    0.037391
   6    4    1    1    1    0.037390
   6    3    1    0    0    0.008412
   6    3    1    1    0    0.008319
   6    2   -1   -1    1   -0.003824
   6    2    0   -1    1   -0.004556
   6    2    0   -1    0   -0.004556
   6    2   -1   -1    0   -0.003824
   6    3    1    0    1    0.008413
   6    3    1    1    1    0.008318
   6    1    0    2    0    0.019364
   6    5   -2    0    0   -0.008341
   6    1    0   -1    0   -0.013281
   6    5    1    0    0   -0.049968
   6   10   -1   -1    1   -0.000478
   6    8    1    1    0   -0.005087
   6   10    1    1    1   -0.005087
   6    8   -1   -1    0   -0.000478
   6   10    1   -1    0   -0.024954
   6    8    1   -1    1   -0.024954
   6    9   -2   -1    0    0.000113
   6    7    1    2    0    0.005227
   6    7   -2   -1    0    0.000113
   6    9    1    2    0    0.005227
   6    7   -1    1    1   -0.029723
   6    9   -1    1   -1   -0.029724
   6    9    0    0   -1    0.034791
   6    7    0    0    1    0.034792
   6    6    0    0   -1    0.021315
   6    6    0    0    1    0.021315
   6    3   -2   -1    1   -0.019575
   6    2    1    2    0   -0.015530
   6    2    1    2    1   -0.015530
   6    3   -2   -1    0   -0.019575
   6   10   -1    0    1   -0.015757
   6   10    0    1    1   -0.000602
   6    8    0    1    0   -0.000602
   6    8   -1    0    0   -0.015757
   6   10    2    1    0    0.004796
   6    8   -1   -2    1   -0.003903
   6   10   -1   -2    0   -0.003902
   6    8    2    1    1    0.004796
   6    5   -1    0    1    0.005735
   6    1    0    1   -1    0.014614
   6    1    0    1    1    0.014614
   6    5   -1    0   -1    0.005734
   6    5    0    0   -1   -0.001885
   6    1    0    0   -1   -0.010938
   6    1    0    0    1   -0.010939
   6    5    0    0    1   -0.001885
   6    4   -2    0    1   -0.017519
   6    4   -2    0    0   -0.017519
   6    4    0    2    0   -0.016768
   6    4    0    2    1   -0.016768
   6    4   -2   -1    1   -0.000343
   6    4   -2   -1    0   -0.000343
   6    4    1    2    0    0.022214
   6    4    1    2    1    0.022214
   6    4    0   -1    0   -0.027149
   6    4    0   -1    1   -0.027149
   6    4    1    0    0   -0.010927
   6    4    1    0    1   -0.010927
   6    6   -1    1    0   -0.026625
   6    6    1   -1    0   -0.026625
   6    6   -1   -2    0    0.031992
   6    6    1    2    0    0.031992
   6    6   -2   -1    0    0.025198
   6    6    2    1    0    0.025198
   6    2    2    1    0    0.015391
   6    2   -1    1    1    0.012410
   6    3   -1    1    1    0.007740
   6    3   -1   -2    1    0.007725
   6    3   -1    1    0    0.007740
   6    3   -1   -2    0    0.007725
   6    2   -1    1    0    0.012410
   6    2    2    1    1    0.015390
   6    5    0    2    0   -0.005772
   6    1   -2    0    0    0.001301
   6    5   -2   -2    0    0.011055
   6    1    2    2    0    0.001301
   6    5   -1   -2    0   -0.015037
   6    1    2    1    0   -0.025535
   6    5    1    2    0   -0.017954
   6    1   -2   -1    0   -0.025535
   6    8    1   -1    0    0.014519
   6   10    1   -1    1    0.014518
   6    9   -2    1    0    0.009970
   6    9   -1    2    0    0.000820
   6    7   -1    2    0    0.000820
   6    7   -2    1    0    0.009970
   6   10    2    0    0   -0.007969
   6    8    0   -2    1   -0.001422
   6   10    0   -2    0   -0.001422
   6    8    2    0    1   -0.007969
   6    7    1    0    0   -0.004198
   6    7    0   -1    0    0.008812
   6    9    0   -1    0    0.008812
   6    9    1    0    0   -0.004198
   6    1    1    1   -1    0.001381
   6    1   -1    0    1    0.001345
   6    5    0    1   -1    0.005107
   6    5   -1   -1    1    0.001675
   6    5   -1   -1   -1    0.001675
   6    5    0    1    1    0.005107
   6    1   -1    0   -1    0.001345
   6    1    1    1    1    0.001381
   6    7   -2    0    1    0.018035
   6    9    0    2   -1    0.007823
   6    7    0    2    1    0.007823
   6    9   -2    0   -1    0.018036
   6    9    1    1   -1    0.004483
   6    7   -1   -1    1    0.004282
   6    9   -1   -1   -1    0.004283
   6    7    1    1    1    0.004483
   7    2    1    0    0    0.796378
   7    3    0   -1    0    0.829860
   7    4    0    0    0    0.830364
   7    1    0    0    0    0.570269
   7    6    0   -1    0    0.574422
   7    5    0    0    0    0.635463
   7    5    0   -1    0    0.635807
   7    1    1    0    0    0.594109
   7    6    1    0    0    0.598193
   7    9    0    0    0   -0.759575
   7   10    1    0    0   -0.201205
   7   10    1   -1    0   -0.201695
   7   10    0   -1    0   -0.318398
   7    4    0   -1    0    0.042019
   7    4    1    0    0    0.050842
   7    3    1    0    0    0.052180
   7    3    0    0    0    0.042427
   7    2    0    0    0    0.051823
   7    2    0   -1    0    0.052536
   7    5   -1   -1    0    0.149857
   7    6    1   -1    0    0.159082
   7    1    1    1    0    0.158984
   7    6    0    0    0    0.153275
   7    1    0   -1    0    0.152310
   7    5    1    0    0    0.155427
   7    8    0   -1    1    0.044909
   7    8    1    0    0    0.076296
   7    8    1   -1    0    0.076528
   7    8    1    0    1    0.076296
   7    8    1   -1    1    0.076529
   7    8    0   -1    0    0.044910
   7    7    0   -1    0   -0.068871
   7    7    0    1    0   -0.068871
   7    7   -1    0    0   -0.038885
   7    7    1    0    0   -0.038885
   7    7   -1   -1    0   -0.038237
   7    7    1    1    0   -0.038237
   7    9    0    0   -1   -0.081854
   7    3    0   -1    1    0.012516
   7    2    1    0    1    0.005083
   7    4    0    0    1    0.013097
   7    4   -1   -1    0   -0.018953
   7    3    1   -1    0   -0.026890
   7    2    1   -1    0   -0.013091
   7    2    1    1    0   -0.013044
   7    3   -1   -1    0   -0.018555
   7    4    1    1    0   -0.027159
   7    9   -1    0    0   -0.119639
   7    9   -1   -1    0   -0.120603
   7    9    0   -1    0   -0.117237
   7    9    0    1    0   -0.117237
   7    9    1    0    0   -0.119640
   7    9    1    1    0   -0.120603
   7   10    2    0    0    0.189188
   7   10    0    0    0    0.240123
   7   10    0   -2    0    0.242325
   7    4    0   -1    1   -0.015124
   7    2    0    0    1   -0.021429
   7    2    0   -1    1   -0.021261
   7    3    0    0    1   -0.015688
   7    4    1    0    1   -0.019139
   7    3    1    0    1   -0.019467
   7    2    2    0    0   -0.015103
   7    2    2    1    0   -0.015235
   7    3    0   -2    0   -0.018854
   7    3   -1   -2    0   -0.020293
   7    4   -1    0    0   -0.020143
   7    4    0    1    0   -0.018830
   7    5   -1    0    0    0.037054
   7    5   -1   -2    0    0.037385
   7    1    0    1    0    0.041813
   7    6    0   -2    0    0.041934
   7    6    2    0    0    0.036217
   7    1    2    1    0    0.035992
   7    6   -1   -1    0   -0.005975
   7    1   -1   -1    0   -0.006157
   7    1    1   -1    0    0.007350
   7    6    1    1    0    0.007662
   7    5    1   -1    0    0.000809
   7    5    1    1    0    0.001197
   7    1    1    0   -1    0.013586
   7    6    1    0   -1    0.013255
   7    5    0    0   -1    0.005607
   7    5    0   -1   -1    0.005760
   7    1    0    0   -1    0.003962
   7    6    0   -1   -1    0.003734
   7    8    2    0    0    0.019351
   7    8    0    0    1    0.024053
   7    8    0   -2    1    0.024036
   7    8    0    0    0    0.024053
   7    8    0   -2    0    0.024036
   7    8    2    0    1    0.019351
   7    9    1    0   -1    0.017872
   7    9    1    1   -1    0.018090
   7    9    0   -1   -1    0.016908
   7    9    0    1   -1    0.016908
   7    9   -1    0   -1    0.017872
   7    9   -1   -1   -1    0.018090
   7    4   -1   -1    1   -0.000478
   7    3   -1   -1    1   -0.000210
   7    2    1   -1    1    0.001026
   7    2    1    1    1    0.000834
   7    3    1   -1    1   -0.005101
   7    4    1    1    1   -0.005087
   7   10    0   -1    1    0.003351
   7   10    1    0    1   -0.028450
   7   10    1   -1    1   -0.027503
   7    4    1   -1    0   -0.024954
   7    3    1    1    0   -0.024826
   7    2   -1   -1    0   -0.022958
   7    1   -1    0    0    0.005654
   7    6   -1   -2    0    0.005227
   7    5    0    1    0   -0.009389
   7    5    0   -2    0   -0.009601
   7    1    2    0    0    0.000246
   7    6    2    1    0    0.000113
   7   10    2   -1    0    0.057608
   7   10    2    1    0    0.058505
   7   10    1    1    0    0.026857
   7   10    1   -2    0    0.026165
   7   10   -1   -1    0   -0.015098
   7   10   -1   -2    0   -0.014713
   7    6    1   -1   -1   -0.029723
   7    1    1    1   -1   -0.029845
   7    5   -1   -1   -1   -0.033619
   7    5    1    0   -1    0.031285
   7    6    0    0   -1    0.034792
   7    1    0   -1   -1    0.035189
   7    7    0    0   -1   -0.026612
   7    7    0    0    1   -0.026612
   7    3   -1   -2    1   -0.016245
   7    3    0   -2    1   -0.001091
   7    2    2    0    1   -0.015439
   7    2    2    1    1   -0.015434
   7    4   -1    0    1   -0.015757
   7    4    0    1    1   -0.000602
   7    4   -1   -2    0   -0.003902
   7    3    2    0    0    0.004632
   7    4    2    1    0    0.004796
   7    2    0    1    0   -0.002181
   7    2    0   -2    0   -0.002140
   7    3   -1    0    0   -0.003562
   7    8   -1   -1    1   -0.016790
   7    8   -1   -2    1   -0.016302
   7    8    2   -1    0   -0.004300
   7    8    2    1    0   -0.004154
   7    8    1    1    0   -0.009497
   7    8    1   -2    0   -0.009237
   7    8    1    1    1   -0.009497
   7    8    1   -2    1   -0.009237
   7    8    2   -1    1   -0.004299
   7    8    2    1    1   -0.004154
   7    8   -1   -1    0   -0.016790
   7    8   -1   -2    0   -0.016302
   7    7   -1    1    0   -0.006274
   7    7    1   -1    0   -0.006274
   7    7    1    2    0   -0.006287
   7    7   -1   -2    0   -0.006287
   7    7   -2   -1    0    0.070372
   7    7    2    1    0    0.070372
   7    4    1   -1    1    0.014518
   7    2   -1   -1    1    0.027401
   7    3    1    1    1    0.014375
   7   10    0    0    1    0.007702
   7   10    0   -2    1    0.008198
   7   10    2    0    1   -0.005939
   7    5   -2   -1    0   -0.027239
   7    5   -2   -2    0   -0.027274
   7    6    1   -2    0    0.000820
   7    1    1    2    0    0.000727
   7    6    2   -1    0    0.009970
   7    1    2    2    0    0.009733
   7    4    0   -2    0   -0.001422
   7    4    2    0    0   -0.007969
   7    3    2    1    0   -0.008142
   7    3    0    1    0   -0.001413
   7    2   -1    0    0   -0.003791
   7    2   -1   -2    0   -0.003827
   7    6   -1    0    0   -0.004198
   7    1   -1   -2    0   -0.004563
   7    6    0    1    0    0.008812
   7    1    0   -2    0    0.008862
   7    5    2    0    0   -0.027274
   7    5    2    1    0   -0.027239
   7    9   -2   -1    0    0.053221
   7    9   -1    1    0    0.000277
   7    9   -1   -2    0    0.000387
   7    9    1   -1    0    0.000277
   7    9    1    2    0    0.000387
   7    9    2    1    0    0.053221
   7    6    2    0   -1    0.018035
   7    1    2    1   -1    0.017792
   7    1    0    1   -1    0.007934
   7    6    0   -2   -1    0.007823
   7    5   -1    0   -1    0.016373
   7    5   -1   -2   -1    0.016336
   7    5    1   -1   -1   -0.002321
   7    5    1    1   -1   -0.002363
   7    1    1   -1   -1    0.004396
   7    6    1    1   -1    0.004282
   7    6   -1   -1   -1    0.004483
   7    1   -1   -1   -1    0.004180
   8    6    0    0   -1    0.830364
   8    1    0    1   -1    0.829860
   8    5   -1    0   -1    0.796379
   8    4   -1    0    0    0.598193
   8    3   -1    0    0    0.594109
   8    2    0    0    0    0.635463
   8    2    0    1    0    0.635807
   8    3    0    0    0    0.570269
   8    4    0    1    0    0.574424
   8   10    0    0    0   -0.759575
   8    9    0    1   -1   -0.318396
   8    9   -1    0   -1   -0.201206
   8    9   -1    1   -1   -0.201697
   8    5    0    0   -1    0.051823
   8    5    0    1   -1    0.052536
   8    1    0    0   -1    0.042427
   8    6    0    1   -1    0.042019
   8    6   -1    0   -1    0.050842
   8    1   -1    0   -1    0.052180
   8    3   -1   -1    0    0.158984
   8    2    1    1    0    0.149857
   8    4   -1    1    0    0.159083
   8    4    0    0    0    0.153274
   8    2   -1    0    0    0.155428
   8    3    0    1    0    0.152310
   8    7    0    1   -1    0.044909
   8    7   -1    0    0    0.076296
   8    7   -1    1    0    0.076528
   8    7   -1    0   -1    0.076296
   8    7   -1    1   -1    0.076529
   8    7    0    1    0    0.044910
   8    8    0   -1    0   -0.068870
   8    8    0    1    0   -0.068870
   8    8    1    0    0   -0.038885
   8    8   -1    0    0   -0.038885
   8    8   -1   -1    0   -0.038238
   8    8    1    1    0   -0.038238
   8   10    0    0   -1   -0.081854
   8    5   -1    0    0    0.005083
   8    6    0    0    0    0.013098
   8    1    0    1    0    0.012516
   8    1    1    1   -1   -0.018555
   8    6    1    1   -1   -0.018952
   8    5   -1   -1   -1   -0.013044
   8    5   -1    1   -1   -0.013091
   8    1   -1    1   -1   -0.026890
   8    6   -1   -1   -1   -0.027159
   8   10   -1    0    0   -0.119639
   8   10   -1   -1    0   -0.120603
   8   10    0   -1    0   -0.117237
   8   10    0    1    0   -0.117237
   8   10    1    0    0   -0.119640
   8   10    1    1    0   -0.120603
   8    9    0    0   -1    0.240123
   8    9    0    2   -1    0.242326
   8    9   -2    0   -1    0.189188
   8    6   -1    0    0   -0.019139
   8    1   -1    0    0   -0.019468
   8    1    0    0    0   -0.015688
   8    6    0    1    0   -0.015124
   8    5    0    0    0   -0.021429
   8    5    0    1    0   -0.021261
   8    6    1    0   -1   -0.020144
   8    1    1    2   -1   -0.020293
   8    6    0   -1   -1   -0.018830
   8    1    0    2   -1   -0.018854
   8    5   -2    0   -1   -0.015102
   8    5   -2   -1   -1   -0.015235
   8    3   -2   -1    0    0.035992
   8    3    0   -1    0    0.041812
   8    2    1    0    0    0.037055
   8    2    1    2    0    0.037385
   8    4   -2    0    0    0.036217
   8    4    0    2    0    0.041934
   8    4   -1   -1    0    0.007662
   8    4    1    1    0   -0.005975
   8    2   -1    1    0    0.000809
   8    2   -1   -1    0    0.001197
   8    3   -1    1    0    0.007350
   8    3    1    1    0   -0.006158
   8    3    0    0   -1    0.003962
   8    4   -1    0   -1    0.013256
   8    2    0    0   -1    0.005607
   8    2    0    1   -1    0.005760
   8    4    0    1   -1    0.003734
   8    3   -1    0   -1    0.013586
   8    7   -2    0    0    0.019351
   8    7    0    0   -1    0.024053
   8    7    0    2   -1    0.024036
   8    7    0    0    0    0.024053
   8    7    0    2    0    0.024036
   8    7   -2    0   -1    0.019351
   8   10    1    0   -1    0.017872
   8   10    1    1   -1    0.018090
   8   10    0   -1   -1    0.016908
   8   10    0    1   -1    0.016908
   8   10   -1    0   -1    0.017872
   8   10   -1   -1   -1    0.018090
   8    1   -1    1    0   -0.005102
   8    6   -1   -1    0   -0.005087
   8    5   -1   -1    0    0.000833
   8    5   -1    1    0    0.001026
   8    1    1    1    0   -0.000210
   8    6    1    1    0   -0.000478
   8    9   -1    0    0   -0.028450
   8    9   -1    1    0   -0.027502
   8    9    0    1    0    0.003351
   8    5    1    1   -1   -0.022959
   8    6   -1    1   -1   -0.024954
   8    1   -1   -1   -1   -0.024826
   8    4   -2   -1    0    0.000113
   8    3   -2    0    0    0.000245
   8    2    0   -1    0   -0.009389
   8    2    0    2    0   -0.009601
   8    3    1    0    0    0.005653
   8    4    1    2    0    0.005227
   8    9    1    1   -1   -0.015098
   8    9    1    2   -1   -0.014713
   8    9   -1   -1   -1    0.026858
   8    9   -1    2   -1    0.026165
   8    9   -2    1   -1    0.057608
   8    9   -2   -1   -1    0.058504
   8    2    1    1   -1   -0.033619
   8    3   -1   -1   -1   -0.029846
   8    4   -1    1   -1   -0.029724
   8    4    0    0   -1    0.034791
   8    3    0    1   -1    0.035190
   8    2   -1    0   -1    0.031285
   8    8    0    0   -1   -0.026612
   8    8    0    0    1   -0.026612
   8    5   -2    0    0   -0.015439
   8    5   -2   -1    0   -0.015434
   8    6    0   -1    0   -0.000602
   8    1    0    2    0   -0.001090
   8    6    1    0    0   -0.015757
   8    1    1    2    0   -0.016245
   8    1    1    0   -1   -0.003562
   8    6    1    2   -1   -0.003903
   8    5    0   -1   -1   -0.002181
   8    5    0    2   -1   -0.002140
   8    1   -2    0   -1    0.004632
   8    6   -2   -1   -1    0.004796
   8    7    1    1   -1   -0.016790
   8    7    1    2   -1   -0.016302
   8    7   -2    1    0   -0.004300
   8    7   -2   -1    0   -0.004154
   8    7   -1   -1    0   -0.009497
   8    7   -1    2    0   -0.009237
   8    7   -1   -1   -1   -0.009497
   8    7   -1    2   -1   -0.009237
   8    7   -2    1   -1   -0.004299
   8    7   -2   -1   -1   -0.004154
   8    7    1    1    0   -0.016790
   8    7    1    2    0   -0.016302
   8    8    1   -1    0   -0.006274
   8    8   -1    1    0   -0.006274
   8    8   -1   -2    0   -0.006287
   8    8    1    2    0   -0.006287
   8    8   -2   -1    0    0.070372
   8    8    2    1    0    0.070372
   8    6   -1    1    0    0.014519
   8    1   -1   -1    0    0.014375
   8    5    1    1    0    0.027401
   8    9   -2    0    0   -0.005939
   8    9    0    0    0    0.007702
   8    9    0    2    0    0.008198
   8    3   -2   -2    0    0.009733
   8    3   -1   -2    0    0.000727
   8    2    2    1    0   -0.027239
   8    2    2    2    0   -0.027274
   8    4   -2    1    0    0.009970
   8    4   -1    2    0    0.000820
   8    5    1    0   -1   -0.003791
   8    5    1    2   -1   -0.003827
   8    1    0   -1   -1   -0.001413
   8    6    0    2   -1   -0.001422
   8    6   -2    0   -1   -0.007969
   8    1   -2   -1   -1   -0.008142
   8    4    0   -1    0    0.008812
   8    4    1    0    0   -0.004198
   8    2   -2    0    0   -0.027274
   8    2   -2   -1    0   -0.027239
   8    3    0    2    0    0.008862
   8    3    1    2    0   -0.004563
   8   10   -2   -1    0    0.053221
   8   10   -1    1    0    0.000277
   8   10   -1   -2    0    0.000387
   8   10    1   -1    0    0.000277
   8   10    1    2    0    0.000387
   8   10    2    1    0    0.053221
   8    2    1    0   -1    0.016373
   8    2    1    2   -1    0.016336
   8    3    0   -1   -1    0.007934
   8    3   -2   -1   -1    0.017793
   8    4   -2    0   -1    0.018036
   8    4    0    2   -1    0.007823
   8    4   -1   -1   -1    0.004283
   8    4    1    1   -1    0.004483
   8    3    1    1   -1    0.004179
   8    3   -1    1   -1    0.004396
   8    2   -1    1   -1   -0.002321
   8    2   -1   -1   -1   -0.002363
   9    3    0   -1    1    0.829860
   9    2    1    0    1    0.796379
   9    4    0    0    1    0.830364
   9    1    1    0    0    0.594109
   9    6    1    0    0    0.598193
   9    5    0    0    0    0.635463
   9    5    0   -1    0    0.635808
   9    1    0    0    0    0.570269
   9    6    0   -1    0    0.574424
   9    7    0    0    0   -0.759575
   9    8    0   -1    1   -0.318396
   9    8    1    0    1   -0.201206
   9    8    1   -1    1   -0.201697
   9    4    0   -1    1    0.042019
   9    4    1    0    1    0.050842
   9    2    0    0    1    0.051823
   9    2    0   -1    1    0.052536
   9    3    0    0    1    0.042427
   9    3    1    0    1    0.052180
   9    6    1   -1    0    0.159083
   9    1    1    1    0    0.158984
   9    5   -1   -1    0    0.149857
   9    5    1    0    0    0.155428
   9    6    0    0    0    0.153274
   9    1    0   -1    0    0.152310
   9   10    0   -1    1    0.044909
   9   10    1    0    0    0.076296
   9   10    1   -1    0    0.076528
   9   10    1    0    1    0.076296
   9   10    1   -1    1    0.076529
   9   10    0   -1    0    0.044910
   9    9    0   -1    0   -0.068870
   9    9    0    1    0   -0.068870
   9    9   -1    0    0   -0.038885
   9    9    1    0    0   -0.038885
   9    9   -1   -1    0   -0.038238
   9    9    1    1    0   -0.038238
   9    7    0    0    1   -0.081854
   9    2    1    0    0    0.005083
   9    3    0   -1    0    0.012516
   9    4    0    0    0    0.013098
   9    4   -1   -1    1   -0.018952
   9    3   -1   -1    1   -0.018555
   9    2    1    1    1   -0.013044
   9    2    1   -1    1   -0.013091
   9    3    1   -1    1   -0.026890
   9    4    1    1    1   -0.027159
   9    7    1    0    0   -0.119639
   9    7    1    1    0   -0.120603
   9    7    0   -1    0   -0.117237
   9    7    0    1    0   -0.117237
   9    7   -1    0    0   -0.119640
   9    7   -1   -1    0   -0.120603
   9    8    0    0    1    0.240123
   9    8    0   -2    1    0.242326
   9    8    2    0    1    0.189188
   9    4    0   -1    0   -0.015124
   9    4    1    0    0   -0.019139
   9    3    1    0    0   -0.019468
   9    3    0    0    0   -0.015688
   9    2    0    0    0   -0.021429
   9    2    0   -1    0   -0.021261
   9    3   -1   -2    1   -0.020293
   9    3    0   -2    1   -0.018854
   9    2    2    0    1   -0.015102
   9    2    2    1    1   -0.015235
   9    4   -1    0    1   -0.020144
   9    4    0    1    1   -0.018830
   9    6    2    0    0    0.036217
   9    1    2    1    0    0.035992
   9    1    0    1    0    0.041812
   9    6    0   -2    0    0.041934
   9    5   -1    0    0    0.037055
   9    5   -1   -2    0    0.037385
   9    5    1   -1    0    0.000809
   9    5    1    1    0    0.001197
   9    1    1   -1    0    0.007350
   9    6    1    1    0    0.007662
   9    6   -1   -1    0   -0.005975
   9    1   -1   -1    0   -0.006158
   9    1    0    0    1    0.003962
   9    6    0   -1    1    0.003734
   9    5    0    0    1    0.005607
   9    5    0   -1    1    0.005760
   9    1    1    0    1    0.013586
   9    6    1    0    1    0.013256
   9   10    2    0    0    0.019351
   9   10    0    0    1    0.024053
   9   10    0   -2    1    0.024036
   9   10    0    0    0    0.024053
   9   10    0   -2    0    0.024036
   9   10    2    0    1    0.019351
   9    7   -1    0    1    0.017872
   9    7   -1   -1    1    0.018090
   9    7    0   -1    1    0.016908
   9    7    0    1    1    0.016908
   9    7    1    0    1    0.017872
   9    7    1    1    1    0.018090
   9    3    1   -1    0   -0.005102
   9    2    1    1    0    0.000833
   9    2    1   -1    0    0.001026
   9    4   -1   -1    0   -0.000478
   9    3   -1   -1    0   -0.000210
   9    4    1    1    0   -0.005087
   9    8    1    0    0   -0.028450
   9    8    1   -1    0   -0.027502
   9    8    0   -1    0    0.003351
   9    4    1   -1    1   -0.024954
   9    2   -1   -1    1   -0.022959
   9    3    1    1    1   -0.024826
   9    1    2    0    0    0.000245
   9    6    2    1    0    0.000113
   9    5    0    1    0   -0.009389
   9    5    0   -2    0   -0.009601
   9    1   -1    0    0    0.005653
   9    6   -1   -2    0    0.005227
   9    8   -1   -1    1   -0.015098
   9    8   -1   -2    1   -0.014713
   9    8    1    1    1    0.026858
   9    8    1   -2    1    0.026165
   9    8    2   -1    1    0.057608
   9    8    2    1    1    0.058504
   9    5   -1   -1    1   -0.033619
   9    6    1   -1    1   -0.029724
   9    1    1    1    1   -0.029846
   9    6    0    0    1    0.034791
   9    1    0   -1    1    0.035190
   9    5    1    0    1    0.031285
   9    9    0    0   -1   -0.026612
   9    9    0    0    1   -0.026612
   9    2    2    0    0   -0.015439
   9    2    2    1    0   -0.015434
   9    3    0   -2    0   -0.001090
   9    3   -1   -2    0   -0.016245
   9    4   -1    0    0   -0.015757
   9    4    0    1    0   -0.000602
   9    4   -1   -2    1   -0.003903
   9    3   -1    0    1   -0.003562
   9    2    0    1    1   -0.002181
   9    2    0   -2    1   -0.002140
   9    3    2    0    1    0.004632
   9    4    2    1    1    0.004796
   9   10   -1   -1    1   -0.016790
   9   10   -1   -2    1   -0.016302
   9   10    2   -1    0   -0.004300
   9   10    2    1    0   -0.004154
   9   10    1    1    0   -0.009497
   9   10    1   -2    0   -0.009237
   9   10    1    1    1   -0.009497
   9   10    1   -2    1   -0.009237
   9   10    2   -1    1   -0.004299
   9   10    2    1    1   -0.004154
   9   10   -1   -1    0   -0.016790
   9   10   -1   -2    0   -0.016302
   9    9   -1    1    0   -0.006274
   9    9    1   -1    0   -0.006274
   9    9    1    2    0   -0.006287
   9    9   -1   -2    0   -0.006287
   9    9   -2   -1    0    0.070372
   9    9    2    1    0    0.070372
   9    4    1   -1    0    0.014519
   9    3    1    1    0    0.014375
   9    2   -1   -1    0    0.027401
   9    8    2    0    0   -0.005939
   9    8    0    0    0    0.007702
   9    8    0   -2    0    0.008198
   9    6    2   -1    0    0.009970
   9    1    2    2    0    0.009733
   9    6    1   -2    0    0.000820
   9    1    1    2    0    0.000727
   9    5   -2   -1    0   -0.027239
   9    5   -2   -2    0   -0.027274
   9    4    0   -2    1   -0.001422
   9    4    2    0    1   -0.007969
   9    2   -1    0    1   -0.003791
   9    2   -1   -2    1   -0.003827
   9    3    0    1    1   -0.001413
   9    3    2    1    1   -0.008142
   9    5    2    0    0   -0.027274
   9    5    2    1    0   -0.027239
   9    6    0    1    0    0.008812
   9    1    0   -2    0    0.008862
   9    6   -1    0    0   -0.004198
   9    1   -1   -2    0   -0.004563
   9    7    2    1    0    0.053221
   9    7    1   -1    0    0.000277
   9    7    1    2    0    0.000387
   9    7   -1    1    0    0.000277
   9    7   -1   -2    0    0.000387
   9    7   -2   -1    0    0.053221
   9    5   -1    0    1    0.016373
   9    5   -1   -2    1    0.016336
   9    1    0    1    1    0.007934
   9    6    0   -2    1    0.007823
   9    6    2    0    1    0.018036
   9    1    2    1    1    0.017793
   9    6   -1   -1    1    0.004483
   9    1   -1   -1    1    0.004179
   9    1    1   -1    1    0.004396
   9    6    1    1    1    0.004283
   9    5    1   -1    1   -0.002321
   9    5    1    1    1   -0.002363
  10    5   -1    0    0    0.796378
  10    6    0    0    0    0.830364
  10    1    0    1    0    0.829859
  10    4   -1    0    0    0.598193
  10    3    0    0    0    0.570269
  10    2    0    0    0    0.635463
  10    2    0    1    0    0.635807
  10    3   -1    0    0    0.594109
  10    4    0    1    0    0.574422
  10    8    0    0    0   -0.759575
  10    7   -1    0    0   -0.201205
  10    7   -1    1    0   -0.201695
  10    7    0    1    0   -0.318398
  10    6   -1    0    0    0.050842
  10    1   -1    0    0    0.052180
  10    1    0    0    0    0.042427
  10    6    0    1    0    0.042019
  10    5    0    0    0    0.051823
  10    5    0    1    0    0.052536
  10    2    1    1    0    0.149857
  10    3   -1   -1    0    0.158984
  10    4   -1    1    0    0.159082
  10    4    0    0    0    0.153275
  10    3    0    1    0    0.152310
  10    2   -1    0    0    0.155427
  10    9    0    1   -1    0.044909
  10    9   -1    0    0    0.076296
  10    9   -1    1    0    0.076528
  10    9   -1    0   -1    0.076296
  10    9   -1    1   -1    0.076529
  10    9    0    1    0    0.044910
  10   10    0   -1    0   -0.068871
  10   10    0    1    0   -0.068871
  10   10    1    0    0   -0.038885
  10   10   -1    0    0   -0.038885
  10   10   -1   -1    0   -0.038237
  10   10    1    1    0   -0.038237
  10    8    0    0    1   -0.081854
  10    6    0    0   -1    0.013097
  10    1    0    1   -1    0.012516
  10    5   -1    0   -1    0.005083
  10    1   -1    1    0   -0.026890
  10    6   -1   -1    0   -0.027159
  10    5   -1   -1    0   -0.013044
  10    5   -1    1    0   -0.013091
  10    1    1    1    0   -0.018555
  10    6    1    1    0   -0.018953
  10    8    1    0    0   -0.119639
  10    8    1    1    0   -0.120603
  10    8    0   -1    0   -0.117237
  10    8    0    1    0   -0.117237
  10    8   -1    0    0   -0.119640
  10    8   -1   -1    0   -0.120603
  10    7   -2    0    0    0.189188
  10    7    0    0    0    0.240123
  10    7    0    2    0    0.242325
  10    5    0    0   -1   -0.021429
  10    5    0    1   -1   -0.021261
  10    1    0    0   -1   -0.015688
  10    6    0    1   -1   -0.015124
  10    6   -1    0   -1   -0.019139
  10    1   -1    0   -1   -0.019467
  10    5   -2    0    0   -0.015103
  10    5   -2   -1    0   -0.015235
  10    6    0   -1    0   -0.018830
  10    1    0    2    0   -0.018854
  10    6    1    0    0   -0.020143
  10    1    1    2    0   -0.020293
  10    2    1    0    0    0.037054
  10    2    1    2    0    0.037385
  10    3    0   -1    0    0.041813
  10    3   -2   -1    0    0.035992
  10    4   -2    0    0    0.036217
  10    4    0    2    0    0.041934
  10    4   -1   -1    0    0.007662
  10    4    1    1    0   -0.005975
  10    3    1    1    0   -0.006157
  10    3   -1    1    0    0.007350
  10    2   -1    1    0    0.000809
  10    2   -1   -1    0    0.001197
  10    4   -1    0    1    0.013255
  10    3   -1    0    1    0.013586
  10    2    0    0    1    0.005607
  10    2    0    1    1    0.005760
  10    3    0    0    1    0.003962
  10    4    0    1    1    0.003734
  10    9   -2    0    0    0.019351
  10    9    0    0   -1    0.024053
  10    9    0    2   -1    0.024036
  10    9    0    0    0    0.024053
  10    9    0    2    0    0.024036
  10    9   -2    0   -1    0.019351
  10    8   -1    0    1    0.017872
  10    8   -1   -1    1    0.018090
  10    8    0   -1    1    0.016908
  10    8    0    1    1    0.016908
  10    8    1    0    1    0.017872
  10    8    1    1    1    0.018090
  10    1    1    1   -1   -0.000210
  10    6    1    1   -1   -0.000478
  10    5   -1   -1   -1    0.000834
  10    5   -1    1   -1    0.001026
  10    1   -1    1   -1   -0.005101
  10    6   -1   -1   -1   -0.005087
  10    7    0    1   -1    0.003351
  10    7   -1    0   -1   -0.028450
  10    7   -1    1   -1   -0.027503
  10    6   -1    1    0   -0.024954
  10    1   -1   -1    0   -0.024826
  10    5    1    1    0   -0.022958
  10    4   -2   -1    0    0.000113
  10    3    1    0    0    0.005654
  10    2    0   -1    0   -0.009389
  10    2    0    2    0   -0.009601
  10    3   -2    0    0    0.000246
  10    4    1    2    0    0.005227
  10    7   -2    1    0    0.057608
  10    7   -2   -1    0    0.058505
  10    7   -1   -1    0    0.026857
  10    7   -1    2    0    0.026165
  10    7    1    1    0   -0.015098
  10    7    1    2    0   -0.014713
  10    3   -1   -1    1   -0.029845
  10    2    1    1    1   -0.033619
  10    4   -1    1    1   -0.029723
  10    4    0    0    1    0.034792
  10    2   -1    0    1    0.031285
  10    3    0    1    1    0.035189
  10   10    0    0   -1   -0.026612
  10   10    0    0    1   -0.026612
  10    6    1    0   -1   -0.015757
  10    1    1    2   -1   -0.016245
  10    6    0   -1   -1   -0.000602
  10    1    0    2   -1   -0.001091
  10    5   -2    0   -1   -0.015439
  10    5   -2   -1   -1   -0.015434
  10    1   -2    0    0    0.004632
  10    6   -2   -1    0    0.004796
  10    5    0   -1    0   -0.002181
  10    5    0    2    0   -0.002140
  10    1    1    0    0   -0.003562
  10    6    1    2    0   -0.003902
  10    9    1    1   -1   -0.016790
  10    9    1    2   -1   -0.016302
  10    9   -2    1    0   -0.004300
  10    9   -2   -1    0   -0.004154
  10    9   -1   -1    0   -0.009497
  10    9   -1    2    0   -0.009237
  10    9   -1   -1   -1   -0.009497
  10    9   -1    2   -1   -0.009237
  10    9   -2    1   -1   -0.004299
  10    9   -2   -1   -1   -0.004154
  10    9    1    1    0   -0.016790
  10    9    1    2    0   -0.016302
  10   10    1   -1    0   -0.006274
  10   10   -1    1    0   -0.006274
  10   10   -1   -2    0   -0.006287
  10   10    1    2    0   -0.006287
  10   10   -2   -1    0    0.070372
  10   10    2    1    0    0.070372
  10    5    1    1   -1    0.027401
  10    6   -1    1   -1    0.014518
  10    1   -1   -1   -1    0.014375
  10    7    0    0   -1    0.007702
  10    7    0    2   -1    0.008198
  10    7   -2    0   -1   -0.005939
  10    2    2    1    0   -0.027239
  10    2    2    2    0   -0.027274
  10    3   -1   -2    0    0.000727
  10    3   -2   -2    0    0.009733
  10    4   -2    1    0    0.009970
  10    4   -1    2    0    0.000820
  10    6   -2    0    0   -0.007969
  10    1   -2   -1    0   -0.008142
  10    1    0   -1    0   -0.001413
  10    6    0    2    0   -0.001422
  10    5    1    0    0   -0.003791
  10    5    1    2    0   -0.003827
  10    4    0   -1    0    0.008812
  10    4    1    0    0   -0.004198
  10    3    1    2    0   -0.004563
  10    3    0    2    0    0.008862
  10    2   -2    0    0   -0.027274
  10    2   -2   -1    0   -0.027239
  10    8    2    1    0    0.053221
  10    8    1   -1    0    0.000277
  10    8    1    2    0    0.000387
  10    8   -1    1    0    0.000277
  10    8   -1   -2    0    0.000387
  10    8   -2   -1    0    0.053221
  10    3   -2   -1    1    0.017792
  10    4   -2    0    1    0.018035
  10    3    0   -1    1    0.007934
  10    2    1    0    1    0.016373
  10    2    1    2    1    0.016336
  10    4    0    2    1    0.007823
  10    4   -1   -1    1    0.004282
  10    2   -1    1    1   -0.002321
  10    2   -1   -1    1   -0.002363
  10    3   -1    1    1    0.004396
  10    4    1    1    1    0.004483
  10    3    1    1    1    0.004180
