   1    7    0    0    0   -0.000993
   1    8    1    0    0   -0.000993
   1    9    0    0    0   -0.000581
   1    9    0    0    1   -0.000581
   1    2    0    0    0   -0.000757
   1    3    0    0    0   -0.000754
   1    4    1    0   -1    0.109582
   1    4    1    0    0    0.109582
   1    5    0    0    0    0.075023
   1    5    0    0    1    0.075023
   1    6    0    0    0    0.075271
   1    6    0    0   -1    0.075271
   1    1    0    0   -1   -0.000036
   1    1    0    0    1   -0.000036
   1    7    0    1    0    0.000077
   1    8    0   -1    0    0.000077
   1    3    0   -1    0    0.000304
   1    3    1    0    0    0.000304
   1    2    1    1    0    0.000301
   1    2    1    0    0    0.000305
   1    7    0    0    1    0.000008
   1    7    0    0   -1    0.000008
   1    8    1    0   -1    0.000008
   1    8    1    0    1    0.000008
   1    4    0    0   -1   -0.002794
   1    4    0    0    0   -0.002794
   1    2    0    0    1   -0.000072
   1    2    0    0   -1   -0.000072
   1    3    0    0   -1   -0.000070
   1    3    0    0    1   -0.000070
   1    6    1    1   -1   -0.000004
   1    6    1    1    0   -0.000004
   1    5    0   -1    0   -0.000001
   1    5    0   -1    1   -0.000001
   1    8    0    0    0    0.000011
   1    7   -1    0    0    0.000011
   1    5   -1   -1    1    0.006187
   1    5   -1   -1    0    0.006187
   1    6    0    1   -1    0.006029
   1    6    0    1    0    0.006029
   1    9    1    0    0    0.000003
   1    9    1    0    1    0.000003
   1    7    0    1   -1    0.000039
   1    7    0    1    1    0.000039
   1    8    0   -1   -1    0.000039
   1    8    0   -1    1    0.000039
   1    3    0   -1    1    0.000383
   1    3    0   -1   -1    0.000383
   1    3    1    0   -1    0.000383
   1    3    1    0    1    0.000383
   1    2    1    1   -1    0.000388
   1    2    1    1    1    0.000388
   1    2    1    0    1    0.000387
   1    2    1    0   -1    0.000387
   1    4    1    1   -1   -0.002948
   1    4    1    1    0   -0.002948
   1    4    0   -1   -1   -0.002987
   1    4    0   -1    0   -0.002987
   1    9    0    0   -1   -0.000004
   1    9    0    0    2   -0.000004
   1    8    1   -1    0   -0.000001
   1    7    1    1    0   -0.000001
   1    9    0   -1    0    0.000002
   1    9    1    1    0    0.000002
   1    9    0   -1    1    0.000002
   1    9    1    1    1    0.000002
   1    4    1    0   -2   -0.002694
   1    4    1    0    1   -0.002694
   1    5    0    0   -1    0.001265
   1    5    0    0    2    0.001265
   1    6    0    0    1    0.001252
   1    6    0    0   -2    0.001252
   1    1    0   -1    0    0.000106
   1    1    0    1    0    0.000106
   1    1   -1    0    0    0.000079
   1    1    1    0    0    0.000079
   1    1   -1   -1    0    0.000107
   1    1    1    1    0    0.000107
   1    8    0    0   -1   -0.000003
   1    8    0    0    1   -0.000003
   1    7   -1    0    1   -0.000003
   1    7   -1    0   -1   -0.000003
   1    6    1    0   -1    0.001585
   1    6    1    0    0    0.001585
   1    5    1    0    0    0.001634
   1    5    1    0    1    0.001634
   1    2    0    1    0    0.000018
   1    3   -1   -1    0    0.000018
   1    3    1    1    0    0.000018
   1    2    0   -1    0    0.000018
   1    4    0    0   -2    0.000337
   1    4    0    0    1    0.000337
   1    8    1   -1    1   -0.000002
   1    8    1   -1   -1   -0.000002
   1    7    1    1   -1   -0.000002
   1    7    1    1    1   -0.000002
   1    6    1    1   -2    0.001412
   1    6    1    1    1    0.001412
   1    5    0   -1   -1    0.001407
   1    5    0   -1    2    0.001407
   1    5   -1    0    0   -0.001340
   1    5   -1    0    1   -0.001340
   1    6   -1    0   -1   -0.001345
   1    6   -1    0    0   -0.001345
   1    1    0   -1    1   -0.000024
   1    1    0    1   -1   -0.000024
   1    1    0   -1   -1   -0.000024
   1    1    0    1    1   -0.000024
   1    1   -1    0   -1   -0.000043
   1    1   -1    0    1   -0.000043
   1    1    1    0   -1   -0.000043
   1    1    1    0    1   -0.000043
   1    1   -1   -1   -1   -0.000023
   1    1   -1   -1    1   -0.000023
   1    1    1    1   -1   -0.000023
   1    1    1    1    1   -0.000023
   1    5   -1   -1   -1   -0.000495
   1    5   -1   -1    2   -0.000495
   1    6    0    1   -2   -0.000570
   1    6    0    1    1   -0.000570
   1    9    1    0   -1   -0.000002
   1    9    1    0    2   -0.000002
   1    8    1    1    0    0.000005
   1    7   -1   -1    0    0.000005
   1    9    0    1    0    0.000000
   1    9   -1   -1    0    0.000000
   1    9    0    1    1    0.000000
   1    9   -1   -1    1    0.000000
   1    1    0    0   -2    0.000111
   1    1    0    0    2    0.000111
   1    4    1   -1    0   -0.001189
   1    4    1   -1   -1   -0.001189
   1    4    2    1   -1   -0.001208
   1    4    2    1    0   -0.001208
   1    2    0    1   -1   -0.000026
   1    2    0    1    1   -0.000026
   1    3   -1   -1    1   -0.000026
   1    3    1    1   -1   -0.000026
   1    3   -1   -1   -1   -0.000026
   1    3    1    1    1   -0.000026
   1    2    0   -1    1   -0.000027
   1    2    0   -1   -1   -0.000027
   1    4    1    1   -2    0.000359
   1    4    1    1    1    0.000359
   1    4    0   -1    1    0.000349
   1    4    0   -1   -2    0.000349
   1    7    0    0   -2   -0.000001
   1    7    0    0    2   -0.000001
   1    8    1    0   -2   -0.000001
   1    8    1    0    2   -0.000001
   1    9    0   -1   -1    0.000004
   1    9    1    1   -1    0.000004
   1    9    0   -1    2    0.000004
   1    9    1    1    2    0.000004
   1    2    0    0   -2   -0.000048
   1    2    0    0    2   -0.000048
   1    3    0    0   -2   -0.000048
   1    3    0    0    2   -0.000048
   1    7    1    0    0   -0.000001
   1    8    2    0    0   -0.000001
   1    9   -1    0    0   -0.000003
   1    9   -1    0    1   -0.000003
   1    3    1   -1    0   -0.000045
   1    2    2    1    0   -0.000044
   1    8    1    1   -1    0.000001
   1    8    1    1    1    0.000001
   1    7   -1   -1    1    0.000001
   1    7   -1   -1   -1    0.000001
   1    6    0   -1   -1    0.000274
   1    6    0   -1    0    0.000274
   1    5    1    1    0    0.000282
   1    5    1    1    1    0.000282
   1    7    0    1   -2    0.000001
   1    7    0    1    2    0.000001
   1    8    0   -1    2    0.000001
   1    8    0   -1   -2    0.000001
   1    6    1    0    1   -0.000410
   1    6    1    0   -2   -0.000410
   1    5    1    0   -1   -0.000422
   1    5    1    0    2   -0.000422
   1    5    0    1    0    0.000100
   1    5    0    1    1    0.000100
   1    6   -1   -1   -1    0.000069
   1    6   -1   -1    0    0.000069
   1    3    0   -1    2    0.000012
   1    3    0   -1   -2    0.000012
   1    3    1    0   -2    0.000012
   1    3    1    0    2    0.000012
   1    2    1    1   -2    0.000013
   1    2    1    1    2    0.000013
   1    2    1    0   -2    0.000013
   1    2    1    0    2    0.000013
   1    4    2    0   -1   -0.000538
   1    4    2    0    0   -0.000538
   1    7    0   -1    0   -0.000000
   1    7   -1    1    0   -0.000002
   1    8   -1   -1    0   -0.000002
   1    8    2    1    0   -0.000000
   1    2   -1    0    0    0.000008
   1    2   -1   -1    0    0.000008
   1    3    0    1    0    0.000008
   1    3   -1    0    0    0.000008
   1    5   -1   -2    0    0.001187
   1    5   -1   -2    1    0.001187
   1    6    1    2   -1    0.001180
   1    6    1    2    0    0.001180
   1    7    1    0   -1   -0.000000
   1    7    1    0    1   -0.000000
   1    8    2    0   -1   -0.000000
   1    8    2    0    1   -0.000000
   1    5   -1    0   -1   -0.000321
   1    5   -1    0    2   -0.000321
   1    6   -1    0   -2   -0.000366
   1    6   -1    0    1   -0.000366
   1    3    1   -1   -1    0.000022
   1    3    1   -1    1    0.000022
   1    2    2    1   -1    0.000022
   1    2    2    1    1    0.000022
   1    8    0    0   -2    0.000002
   1    8    0    0    2    0.000002
   1    7   -1    0   -2    0.000002
   1    7   -1    0    2    0.000002
   1    9    0    1   -1   -0.000000
   1    9   -1   -1   -1   -0.000000
   1    9    0    1    2   -0.000000
   1    9   -1   -1    2   -0.000000
   1    8    0   -2    0   -0.000000
   1    7    1    2    0   -0.000000
   1    4    0    1   -1   -0.000383
   1    4    0    1    0   -0.000383
   1    4   -1   -1    0   -0.000333
   1    4   -1   -1   -1   -0.000333
   1    7    0   -1   -1   -0.000000
   1    7    0   -1    1   -0.000000
   1    7   -1    1   -1   -0.000001
   1    7   -1    1    1   -0.000001
   1    8   -1   -1   -1   -0.000001
   1    8   -1   -1    1   -0.000001
   1    8    2    1   -1   -0.000000
   1    8    2    1    1   -0.000000
   1    4    1   -1    1   -0.000175
   1    4    1   -1   -2   -0.000175
   1    4    2    1   -2   -0.000170
   1    4    2    1    1   -0.000170
   1    2   -1    0    1   -0.000014
   1    2   -1    0   -1   -0.000014
   1    2   -1   -1   -1   -0.000014
   1    2   -1   -1    1   -0.000014
   1    3    0    1   -1   -0.000014
   1    3   -1    0   -1   -0.000014
   1    3   -1    0    1   -0.000014
   1    3    0    1    1   -0.000014
   1    9    0    0   -2   -0.000001
   1    9    0    0    3   -0.000001
   1    8    1   -1    2   -0.000002
   1    8    1   -1   -2   -0.000002
   1    7    1    1   -2   -0.000002
   1    7    1    1    2   -0.000002
   2    8    0   -1    0   -0.000997
   2    7   -1    0    0   -0.000997
   2    9    0    0    0   -0.000582
   2    9    0    0    1   -0.000582
   2    1    0    0    0   -0.000757
   2    3    0    0    0   -0.000757
   2    5   -1   -1    0    0.110158
   2    5   -1   -1    1    0.110158
   2    6    0    0   -1    0.075709
   2    6    0    0    0    0.075709
   2    4    0    0   -1    0.075709
   2    4    0    0    0    0.075709
   2    2    0    0   -1   -0.000039
   2    2    0    0    1   -0.000039
   2    7    0    0    0    0.000077
   2    8    0    0    0    0.000077
   2    3    0   -1    0    0.000305
   2    1   -1   -1    0    0.000301
   2    3   -1   -1    0    0.000301
   2    1   -1    0    0    0.000305
   2    8    0   -1   -1    0.000008
   2    8    0   -1    1    0.000008
   2    7   -1    0   -1    0.000008
   2    7   -1    0    1    0.000008
   2    5    0    0    0   -0.002718
   2    5    0    0    1   -0.002718
   2    1    0    0   -1   -0.000072
   2    1    0    0    1   -0.000072
   2    3    0    0   -1   -0.000072
   2    3    0    0    1   -0.000072
   2    4    0   -1    0   -0.000066
   2    4    0   -1   -1   -0.000066
   2    6   -1    0    0   -0.000066
   2    6   -1    0   -1   -0.000066
   2    8    1    0    0    0.000011
   2    7    0    1    0    0.000011
   2    4    1    0   -1    0.005928
   2    4    1    0    0    0.005928
   2    6    0    1   -1    0.005928
   2    6    0    1    0    0.005928
   2    9   -1   -1    0    0.000003
   2    9   -1   -1    1    0.000003
   2    7    0    0   -1    0.000039
   2    7    0    0    1    0.000039
   2    8    0    0   -1    0.000039
   2    8    0    0    1    0.000039
   2    3    0   -1   -1    0.000387
   2    3    0   -1    1    0.000387
   2    1   -1   -1    1    0.000388
   2    1   -1   -1   -1    0.000388
   2    3   -1   -1   -1    0.000388
   2    3   -1   -1    1    0.000388
   2    1   -1    0   -1    0.000387
   2    1   -1    0    1    0.000387
   2    5    0   -1    0   -0.003005
   2    5    0   -1    1   -0.003005
   2    5   -1    0    0   -0.003005
   2    5   -1    0    1   -0.003005
   2    9    0    0   -1   -0.000004
   2    9    0    0    2   -0.000004
   2    7   -1   -1    0   -0.000001
   2    8   -1   -1    0   -0.000001
   2    9    0   -1    0    0.000002
   2    9    0   -1    1    0.000002
   2    9   -1    0    0    0.000002
   2    9   -1    0    1    0.000002
   2    5   -1   -1   -1   -0.002653
   2    5   -1   -1    2   -0.002653
   2    6    0    0    1    0.001288
   2    6    0    0   -2    0.001288
   2    4    0    0   -2    0.001288
   2    4    0    0    1    0.001288
   2    2    0   -1    0    0.000107
   2    2    0    1    0    0.000107
   2    2   -1    0    0    0.000107
   2    2    1    0    0    0.000107
   2    2   -1   -1    0    0.000078
   2    2    1    1    0    0.000078
   2    8    1    0   -1   -0.000003
   2    8    1    0    1   -0.000003
   2    7    0    1   -1   -0.000003
   2    7    0    1    1   -0.000003
   2    6   -1   -1    0    0.001628
   2    6   -1   -1   -1    0.001628
   2    4   -1   -1   -1    0.001628
   2    4   -1   -1    0    0.001628
   2    3    1    0    0    0.000018
   2    1    0   -1    0    0.000018
   2    1    0    1    0    0.000018
   2    3   -1    0    0    0.000018
   2    5    0    0   -1    0.000365
   2    5    0    0    2    0.000365
   2    7   -1   -1    1   -0.000002
   2    7   -1   -1   -1   -0.000002
   2    8   -1   -1   -1   -0.000002
   2    8   -1   -1    1   -0.000002
   2    4    0   -1    1    0.001389
   2    4    0   -1   -2    0.001389
   2    6   -1    0   -2    0.001389
   2    6   -1    0    1    0.001389
   2    6    1    1   -1   -0.001328
   2    6    1    1    0   -0.001328
   2    4    1    1   -1   -0.001328
   2    4    1    1    0   -0.001328
   2    2    0   -1    1   -0.000022
   2    2    0    1   -1   -0.000022
   2    2    0   -1   -1   -0.000022
   2    2    0    1    1   -0.000022
   2    2   -1    0   -1   -0.000022
   2    2   -1    0    1   -0.000022
   2    2    1    0   -1   -0.000022
   2    2    1    0    1   -0.000022
   2    2   -1   -1   -1   -0.000044
   2    2   -1   -1    1   -0.000044
   2    2    1    1   -1   -0.000044
   2    2    1    1    1   -0.000044
   2    4    1    0   -2   -0.000488
   2    4    1    0    1   -0.000488
   2    6    0    1   -2   -0.000488
   2    6    0    1    1   -0.000488
   2    9   -1   -1   -1   -0.000002
   2    9   -1   -1    2   -0.000002
   2    8    1   -1    0    0.000005
   2    7   -1    1    0    0.000005
   2    9    1    0    0    0.000000
   2    9    1    0    1    0.000000
   2    9    0    1    0    0.000000
   2    9    0    1    1    0.000000
   2    2    0    0   -2    0.000112
   2    2    0    0    2    0.000112
   2    5   -1   -2    0   -0.001204
   2    5   -1   -2    1   -0.001204
   2    5   -2   -1    0   -0.001204
   2    5   -2   -1    1   -0.001204
   2    3    1    0   -1   -0.000027
   2    3    1    0    1   -0.000027
   2    1    0   -1    1   -0.000026
   2    1    0   -1   -1   -0.000026
   2    1    0    1   -1   -0.000027
   2    1    0    1    1   -0.000027
   2    3   -1    0   -1   -0.000026
   2    3   -1    0    1   -0.000026
   2    5    0   -1   -1    0.000299
   2    5    0   -1    2    0.000299
   2    5   -1    0   -1    0.000299
   2    5   -1    0    2    0.000299
   2    8    0   -1    2   -0.000001
   2    8    0   -1   -2   -0.000001
   2    7   -1    0   -2   -0.000001
   2    7   -1    0    2   -0.000001
   2    9    0   -1   -1    0.000004
   2    9    0   -1    2    0.000004
   2    9   -1    0   -1    0.000004
   2    9   -1    0    2    0.000004
   2    1    0    0   -2   -0.000048
   2    1    0    0    2   -0.000048
   2    3    0    0   -2   -0.000048
   2    3    0    0    2   -0.000048
   2    8   -1   -2    0   -0.000001
   2    7   -2   -1    0   -0.000001
   2    9    1    1    0   -0.000003
   2    9    1    1    1   -0.000003
   2    3   -1   -2    0   -0.000044
   2    1   -2   -1    0   -0.000044
   2    8    1   -1   -1    0.000001
   2    8    1   -1    1    0.000001
   2    7   -1    1   -1    0.000001
   2    7   -1    1    1    0.000001
   2    6    0   -1   -1    0.000273
   2    6    0   -1    0    0.000273
   2    4   -1    0   -1    0.000273
   2    4   -1    0    0    0.000273
   2    7    0    0   -2    0.000001
   2    7    0    0    2    0.000001
   2    8    0    0   -2    0.000001
   2    8    0    0    2    0.000001
   2    6   -1   -1    1   -0.000382
   2    6   -1   -1   -2   -0.000382
   2    4   -1   -1   -2   -0.000382
   2    4   -1   -1    1   -0.000382
   2    6    1    0   -1    0.000064
   2    6    1    0    0    0.000064
   2    4    0    1   -1    0.000064
   2    4    0    1    0    0.000064
   2    3    0   -1    2    0.000013
   2    3    0   -1   -2    0.000013
   2    1   -1   -1    2    0.000013
   2    1   -1   -1   -2    0.000013
   2    3   -1   -1    2    0.000013
   2    3   -1   -1   -2    0.000013
   2    1   -1    0   -2    0.000013
   2    1   -1    0    2    0.000013
   2    5   -2   -2    1   -0.000567
   2    5   -2   -2    0   -0.000567
   2    7    1    1    0   -0.000002
   2    8    0   -2    0   -0.000000
   2    8    1    1    0   -0.000002
   2    7   -2    0    0   -0.000000
   2    1    1    0    0    0.000008
   2    1    1    1    0    0.000008
   2    3    1    1    0    0.000008
   2    3    0    1    0    0.000008
   2    4    1   -1   -1    0.001215
   2    4    1   -1    0    0.001215
   2    6   -1    1   -1    0.001215
   2    6   -1    1    0    0.001215
   2    8   -1   -2    1   -0.000000
   2    8   -1   -2   -1   -0.000000
   2    7   -2   -1    1   -0.000000
   2    7   -2   -1   -1   -0.000000
   2    6    1    1   -2   -0.000375
   2    6    1    1    1   -0.000375
   2    4    1    1   -2   -0.000375
   2    4    1    1    1   -0.000375
   2    3   -1   -2    1    0.000022
   2    3   -1   -2   -1    0.000022
   2    1   -2   -1   -1    0.000022
   2    1   -2   -1    1    0.000022
   2    8    1    0   -2    0.000002
   2    8    1    0    2    0.000002
   2    7    0    1   -2    0.000002
   2    7    0    1    2    0.000002
   2    9    1    0   -1   -0.000000
   2    9    1    0    2   -0.000000
   2    9    0    1   -1   -0.000000
   2    9    0    1    2   -0.000000
   2    7    0   -1    0   -0.000000
   2    8   -1    0    0   -0.000000
   2    5    1    0    0   -0.000348
   2    5    1    0    1   -0.000348
   2    5    0    1    0   -0.000348
   2    5    0    1    1   -0.000348
   2    7    1    1   -1   -0.000001
   2    7    1    1    1   -0.000001
   2    8    0   -2   -1   -0.000000
   2    8    0   -2    1   -0.000000
   2    8    1    1   -1   -0.000001
   2    8    1    1    1   -0.000001
   2    7   -2    0   -1   -0.000000
   2    7   -2    0    1   -0.000000
   2    5   -1   -2    2   -0.000158
   2    5   -1   -2   -1   -0.000158
   2    5   -2   -1   -1   -0.000158
   2    5   -2   -1    2   -0.000158
   2    1    1    0   -1   -0.000014
   2    1    1    0    1   -0.000014
   2    1    1    1   -1   -0.000014
   2    1    1    1    1   -0.000014
   2    3    1    1   -1   -0.000014
   2    3    1    1    1   -0.000014
   2    3    0    1   -1   -0.000014
   2    3    0    1    1   -0.000014
   2    9    0    0   -2   -0.000001
   2    9    0    0    3   -0.000001
   2    7   -1   -1    2   -0.000002
   2    7   -1   -1   -2   -0.000002
   2    8   -1   -1    2   -0.000002
   2    8   -1   -1   -2   -0.000002
   3    8    0    0    0   -0.000993
   3    7    0    1    0   -0.000993
   3    9    0    0    0   -0.000581
   3    9    0    0    1   -0.000581
   3    1    0    0    0   -0.000754
   3    2    0    0    0   -0.000757
   3    6    0    1   -1    0.109582
   3    6    0    1    0    0.109582
   3    4    0    0    0    0.075271
   3    4    0    0   -1    0.075271
   3    5    0    0    0    0.075023
   3    5    0    0    1    0.075023
   3    3    0    0   -1   -0.000036
   3    3    0    0    1   -0.000036
   3    8    1    0    0    0.000077
   3    7   -1    0    0    0.000077
   3    2    0    1    0    0.000305
   3    1    0    1    0    0.000304
   3    1   -1    0    0    0.000304
   3    2    1    1    0    0.000301
   3    8    0    0   -1    0.000008
   3    8    0    0    1    0.000008
   3    7    0    1   -1    0.000008
   3    7    0    1    1    0.000008
   3    6    0    0    0   -0.002794
   3    6    0    0   -1   -0.002794
   3    1    0    0    1   -0.000070
   3    2    0    0    1   -0.000072
   3    1    0    0   -1   -0.000070
   3    2    0    0   -1   -0.000072
   3    5   -1    0    0   -0.000001
   3    5   -1    0    1   -0.000001
   3    4    1    1   -1   -0.000004
   3    4    1    1    0   -0.000004
   3    7    0    0    0    0.000011
   3    8    0   -1    0    0.000011
   3    5   -1   -1    1    0.006187
   3    5   -1   -1    0    0.006187
   3    4    1    0    0    0.006029
   3    4    1    0   -1    0.006029
   3    9    0    1    0    0.000003
   3    9    0    1    1    0.000003
   3    8    1    0   -1    0.000039
   3    8    1    0    1    0.000039
   3    7   -1    0    1    0.000039
   3    7   -1    0   -1    0.000039
   3    2    0    1   -1    0.000387
   3    2    0    1    1    0.000387
   3    1    0    1   -1    0.000383
   3    1   -1    0    1    0.000383
   3    1    0    1    1    0.000383
   3    1   -1    0   -1    0.000383
   3    2    1    1   -1    0.000388
   3    2    1    1    1    0.000388
   3    6    1    1   -1   -0.002948
   3    6    1    1    0   -0.002948
   3    6   -1    0   -1   -0.002987
   3    6   -1    0    0   -0.002987
   3    9    0    0   -1   -0.000004
   3    9    0    0    2   -0.000004
   3    7   -1    1    0   -0.000001
   3    8    1    1    0   -0.000001
   3    9   -1    0    0    0.000002
   3    9    1    1    0    0.000002
   3    9   -1    0    1    0.000002
   3    9    1    1    1    0.000002
   3    6    0    1   -2   -0.002694
   3    6    0    1    1   -0.002694
   3    4    0    0   -2    0.001252
   3    4    0    0    1    0.001252
   3    5    0    0   -1    0.001265
   3    5    0    0    2    0.001265
   3    3    0   -1    0    0.000079
   3    3    0    1    0    0.000079
   3    3   -1    0    0    0.000106
   3    3    1    0    0    0.000106
   3    3   -1   -1    0    0.000107
   3    3    1    1    0    0.000107
   3    7    0    0    1   -0.000003
   3    7    0    0   -1   -0.000003
   3    8    0   -1    1   -0.000003
   3    8    0   -1   -1   -0.000003
   3    4    0    1   -1    0.001585
   3    4    0    1    0    0.001585
   3    5    0    1    0    0.001634
   3    5    0    1    1    0.001634
   3    2   -1    0    0    0.000018
   3    1   -1   -1    0    0.000018
   3    1    1    1    0    0.000018
   3    2    1    0    0    0.000018
   3    6    0    0    1    0.000337
   3    6    0    0   -2    0.000337
   3    7   -1    1   -1   -0.000002
   3    7   -1    1    1   -0.000002
   3    8    1    1   -1   -0.000002
   3    8    1    1    1   -0.000002
   3    5   -1    0   -1    0.001407
   3    5   -1    0    2    0.001407
   3    4    1    1   -2    0.001412
   3    4    1    1    1    0.001412
   3    4    0   -1    0   -0.001345
   3    4    0   -1   -1   -0.001345
   3    5    0   -1    1   -0.001340
   3    5    0   -1    0   -0.001340
   3    3    0   -1    1   -0.000043
   3    3    0    1   -1   -0.000043
   3    3    0   -1   -1   -0.000043
   3    3    0    1    1   -0.000043
   3    3   -1    0   -1   -0.000024
   3    3   -1    0    1   -0.000024
   3    3    1    0   -1   -0.000024
   3    3    1    0    1   -0.000024
   3    3   -1   -1   -1   -0.000023
   3    3   -1   -1    1   -0.000023
   3    3    1    1   -1   -0.000023
   3    3    1    1    1   -0.000023
   3    5   -1   -1    2   -0.000495
   3    5   -1   -1   -1   -0.000495
   3    4    1    0   -2   -0.000570
   3    4    1    0    1   -0.000570
   3    9    0    1   -1   -0.000002
   3    9    0    1    2   -0.000002
   3    7    1    1    0    0.000005
   3    8   -1   -1    0    0.000005
   3    9    1    0    0    0.000000
   3    9   -1   -1    0    0.000000
   3    9    1    0    1    0.000000
   3    9   -1   -1    1    0.000000
   3    3    0    0   -2    0.000111
   3    3    0    0    2    0.000111
   3    6   -1    1   -1   -0.001189
   3    6   -1    1    0   -0.001189
   3    6    1    2   -1   -0.001208
   3    6    1    2    0   -0.001208
   3    2   -1    0    1   -0.000027
   3    2   -1    0   -1   -0.000027
   3    1   -1   -1    1   -0.000026
   3    1   -1   -1   -1   -0.000026
   3    1    1    1   -1   -0.000026
   3    1    1    1    1   -0.000026
   3    2    1    0    1   -0.000026
   3    2    1    0   -1   -0.000026
   3    6    1    1   -2    0.000359
   3    6    1    1    1    0.000359
   3    6   -1    0    1    0.000349
   3    6   -1    0   -2    0.000349
   3    8    0    0   -2   -0.000001
   3    8    0    0    2   -0.000001
   3    7    0    1   -2   -0.000001
   3    7    0    1    2   -0.000001
   3    9   -1    0   -1    0.000004
   3    9    1    1   -1    0.000004
   3    9   -1    0    2    0.000004
   3    9    1    1    2    0.000004
   3    1    0    0   -2   -0.000048
   3    1    0    0    2   -0.000048
   3    2    0    0   -2   -0.000048
   3    2    0    0    2   -0.000048
   3    8    0    1    0   -0.000001
   3    7    0    2    0   -0.000001
   3    9    0   -1    0   -0.000003
   3    9    0   -1    1   -0.000003
   3    1   -1    1    0   -0.000045
   3    2    1    2    0   -0.000044
   3    7    1    1   -1    0.000001
   3    7    1    1    1    0.000001
   3    8   -1   -1    1    0.000001
   3    8   -1   -1   -1    0.000001
   3    4   -1    0   -1    0.000274
   3    4   -1    0    0    0.000274
   3    5    1    1    0    0.000282
   3    5    1    1    1    0.000282
   3    8    1    0   -2    0.000001
   3    8    1    0    2    0.000001
   3    7   -1    0   -2    0.000001
   3    7   -1    0    2    0.000001
   3    4    0    1   -2   -0.000410
   3    4    0    1    1   -0.000410
   3    5    0    1   -1   -0.000422
   3    5    0    1    2   -0.000422
   3    4   -1   -1   -1    0.000069
   3    4   -1   -1    0    0.000069
   3    5    1    0    0    0.000100
   3    5    1    0    1    0.000100
   3    2    0    1   -2    0.000013
   3    2    0    1    2    0.000013
   3    1    0    1   -2    0.000012
   3    1   -1    0   -2    0.000012
   3    1   -1    0    2    0.000012
   3    1    0    1    2    0.000012
   3    2    1    1   -2    0.000013
   3    2    1    1    2    0.000013
   3    6    0    2   -1   -0.000538
   3    6    0    2    0   -0.000538
   3    8   -1    0    0   -0.000000
   3    8    1   -1    0   -0.000002
   3    7   -1   -1    0   -0.000002
   3    7    1    2    0   -0.000000
   3    2   -1   -1    0    0.000008
   3    1    0   -1    0    0.000008
   3    1    1    0    0    0.000008
   3    2    0   -1    0    0.000008
   3    5   -2   -1    1    0.001187
   3    5   -2   -1    0    0.001187
   3    4    2    1   -1    0.001180
   3    4    2    1    0    0.001180
   3    8    0    1   -1   -0.000000
   3    8    0    1    1   -0.000000
   3    7    0    2   -1   -0.000000
   3    7    0    2    1   -0.000000
   3    4    0   -1    1   -0.000366
   3    4    0   -1   -2   -0.000366
   3    5    0   -1    2   -0.000321
   3    5    0   -1   -1   -0.000321
   3    1   -1    1   -1    0.000022
   3    1   -1    1    1    0.000022
   3    2    1    2   -1    0.000022
   3    2    1    2    1    0.000022
   3    7    0    0   -2    0.000002
   3    7    0    0    2    0.000002
   3    8    0   -1    2    0.000002
   3    8    0   -1   -2    0.000002
   3    9    1    0   -1   -0.000000
   3    9   -1   -1   -1   -0.000000
   3    9    1    0    2   -0.000000
   3    9   -1   -1    2   -0.000000
   3    7   -2    0    0   -0.000000
   3    8    2    1    0   -0.000000
   3    6    1    0   -1   -0.000383
   3    6    1    0    0   -0.000383
   3    6   -1   -1   -1   -0.000333
   3    6   -1   -1    0   -0.000333
   3    8   -1    0   -1   -0.000000
   3    8   -1    0    1   -0.000000
   3    8    1   -1   -1   -0.000001
   3    8    1   -1    1   -0.000001
   3    7   -1   -1    1   -0.000001
   3    7   -1   -1   -1   -0.000001
   3    7    1    2   -1   -0.000000
   3    7    1    2    1   -0.000000
   3    6   -1    1   -2   -0.000175
   3    6   -1    1    1   -0.000175
   3    6    1    2   -2   -0.000170
   3    6    1    2    1   -0.000170
   3    2   -1   -1    1   -0.000014
   3    2   -1   -1   -1   -0.000014
   3    1    0   -1    1   -0.000014
   3    1    0   -1   -1   -0.000014
   3    1    1    0   -1   -0.000014
   3    1    1    0    1   -0.000014
   3    2    0   -1    1   -0.000014
   3    2    0   -1   -1   -0.000014
   3    9    0    0   -2   -0.000001
   3    9    0    0    3   -0.000001
   3    7   -1    1   -2   -0.000002
   3    7   -1    1    2   -0.000002
   3    8    1    1   -2   -0.000002
   3    8    1    1    2   -0.000002
   4    9    0    0    1    0.009829
   4    8    0    0    0    0.005842
   4    8    0    0    1    0.005842
   4    7   -1    0    1    0.005843
   4    7   -1    0    0    0.005843
   4    1   -1    0    0    0.109582
   4    1   -1    0    1    0.109582
   4    3    0    0    0    0.075271
   4    3    0    0    1    0.075271
   4    2    0    0    0    0.075709
   4    2    0    0    1    0.075709
   4    5   -1    0    1   -1.158706
   4    6    0    1    0   -1.148574
   4    6   -1    0    0   -1.148574
   4    5   -1   -1    1   -1.139684
   4    9   -1    0    1   -0.001027
   4    4    0    0   -1    1.263634
   4    4    0    0    1    1.263634
   4    6    0    0    0    0.735243
   4    5    0    0    1    0.731794
   4    1    0    0    0   -0.002794
   4    1    0    0    1   -0.002794
   4    9    0    0    0   -0.000007
   4    9    0    0    2   -0.000007
   4    2    0    1    0   -0.000066
   4    2    0    1    1   -0.000066
   4    3   -1   -1    1   -0.000004
   4    3   -1   -1    0   -0.000004
   4    8    0   -1    1   -0.000522
   4    8    0   -1    0   -0.000522
   4    7    0    1    0   -0.000517
   4    7    0    1    1   -0.000517
   4    5   -1    0    0    0.098531
   4    5   -1    0    2    0.098531
   4    6   -1    0    1    0.101851
   4    6    0    1   -1    0.101851
   4    6    0    1    1    0.101851
   4    6   -1    0   -1    0.101851
   4    5   -1   -1    2    0.100152
   4    5   -1   -1    0    0.100153
   4    2   -1    0    0    0.005928
   4    2   -1    0    1    0.005928
   4    3   -1    0    0    0.006029
   4    3   -1    0    1    0.006029
   4    9   -1    0    0    0.001207
   4    9   -1    0    2    0.001207
   4    9    0    1    1   -0.000121
   4    9   -1   -1    1   -0.000128
   4    7   -1    1    0    0.000377
   4    7   -1    1    1    0.000377
   4    8   -1   -1    0    0.000384
   4    8   -1   -1    1    0.000384
   4    6    0    0    1   -0.266156
   4    6    0    0   -1   -0.266156
   4    5    0    0    0   -0.269503
   4    5    0    0    2   -0.269504
   4    1   -1   -1    1   -0.002948
   4    1   -1   -1    0   -0.002948
   4    1    0    1    0   -0.002987
   4    1    0    1    1   -0.002987
   4    8    0    0   -1   -0.000024
   4    8    0    0    2   -0.000024
   4    7   -1    0   -1   -0.000021
   4    7   -1    0    2   -0.000021
   4    1   -1    0   -1   -0.002694
   4    1   -1    0    2   -0.002694
   4    3    0    0   -1    0.001252
   4    3    0    0    2    0.001252
   4    2    0    0   -1    0.001288
   4    2    0    0    2    0.001288
   4    7    0    0    0    0.000296
   4    7    0    0    1    0.000296
   4    8    1    0    0    0.000296
   4    8    1    0    1    0.000296
   4    4    0   -1    0   -0.290600
   4    4    0    1    0   -0.290600
   4    4   -1    0    0   -0.100806
   4    4    1    0    0   -0.100806
   4    4   -1   -1    0   -0.282432
   4    4    1    1    0   -0.282432
   4    5   -2   -1    1    0.222897
   4    6   -1    1    0    0.238216
   4    9    0    1    0    0.000022
   4    9   -1   -1    0    0.000020
   4    9    0    1    2    0.000022
   4    9   -1   -1    2    0.000020
   4    3    0   -1    1    0.001585
   4    3    0   -1    0    0.001585
   4    2    1    1    0    0.001628
   4    2    1    1    1    0.001628
   4    1    0    0   -1    0.000337
   4    1    0    0    2    0.000337
   4    2    0    1   -1    0.001389
   4    2    0    1    2    0.001389
   4    3   -1   -1    2    0.001412
   4    3   -1   -1   -1    0.001412
   4    2   -1   -1    1   -0.001328
   4    2   -1   -1    0   -0.001328
   4    3    0    1    0   -0.001345
   4    3    0    1    1   -0.001345
   4    8    0   -1    2    0.000139
   4    8    0   -1   -1    0.000139
   4    7    0    1   -1    0.000139
   4    7    0    1    2    0.000139
   4    4    0   -1    1   -0.091615
   4    4    0    1   -1   -0.091615
   4    4   -1    0   -1    0.054539
   4    4    0   -1   -1   -0.091616
   4    4    0    1    1   -0.091616
   4    4    1    0   -1    0.054539
   4    4   -1    0    1    0.054539
   4    4    1    0    1    0.054539
   4    4    1    1   -1   -0.092194
   4    4   -1   -1   -1   -0.092194
   4    4   -1   -1    1   -0.092194
   4    4    1    1    1   -0.092194
   4    8   -1    0    0    0.000063
   4    8   -1    0    1    0.000063
   4    7   -2    0    0    0.000065
   4    7   -2    0    1    0.000065
   4    2   -1    0   -1   -0.000488
   4    2   -1    0    2   -0.000488
   4    3   -1    0   -1   -0.000570
   4    3   -1    0    2   -0.000570
   4    5   -2   -1    0    0.109620
   4    5   -2   -1    2    0.109620
   4    6   -1    1   -1    0.109464
   4    6   -1    1    1    0.109464
   4    4    0    0   -2   -0.030438
   4    4    0    0    2   -0.030438
   4    7   -1    1   -1    0.000058
   4    7   -1    1    2    0.000058
   4    8   -1   -1    2    0.000062
   4    8   -1   -1   -1    0.000062
   4    6   -1   -1    0   -0.124976
   4    6    1    1    0   -0.124977
   4    5    0    1    1   -0.128436
   4    5    0   -1    1   -0.128751
   4    1   -1    1    0   -0.001189
   4    1   -1    1    1   -0.001189
   4    1   -2   -1    0   -0.001208
   4    1   -2   -1    1   -0.001208
   4    9    0   -1    1   -0.000197
   4    9    1    1    1   -0.000197
   4    1   -1   -1    2    0.000359
   4    1   -1   -1   -1    0.000359
   4    1    0    1   -1    0.000349
   4    1    0    1    2    0.000349
   4    7   -1   -1    0   -0.000093
   4    7   -1   -1    1   -0.000093
   4    8    1    1    0   -0.000092
   4    8    1    1    1   -0.000092
   4    9    0    0   -1   -0.000016
   4    9    0    0    3   -0.000016
   4    7    0    0   -1    0.000015
   4    7    0    0    2    0.000015
   4    8    1    0   -1    0.000014
   4    8    1    0    2    0.000014
   4    5   -1    0   -1   -0.027163
   4    5   -1    0    3   -0.027163
   4    6    0    1   -2   -0.028707
   4    6   -1    0    2   -0.028707
   4    6    0    1    2   -0.028707
   4    6   -1    0   -2   -0.028707
   4    5   -1   -1   -1   -0.027459
   4    5   -1   -1    3   -0.027459
   4    8    0    1    0   -0.000045
   4    8    0    1    1   -0.000045
   4    7   -2   -1    0   -0.000044
   4    7   -2   -1    1   -0.000044
   4    3    1    0    0    0.000274
   4    3    1    0    1    0.000274
   4    2    1    0    0    0.000273
   4    2    1    0    1    0.000273
   4    9   -1    0   -1    0.000130
   4    9   -1    0    3    0.000130
   4    3    0   -1    2   -0.000410
   4    3    0   -1   -1   -0.000410
   4    2    1    1   -1   -0.000382
   4    2    1    1    2   -0.000382
   4    6   -1   -1    1    0.029093
   4    6   -1   -1   -1    0.029093
   4    6    1    1   -1    0.029093
   4    6    1    1    1    0.029093
   4    5    0    1    0    0.028322
   4    5    0    1    2    0.028322
   4    5    0   -1    0    0.027414
   4    5    0   -1    2    0.027414
   4    3    1    1    0    0.000069
   4    3    1    1    1    0.000069
   4    2    0   -1    0    0.000064
   4    2    0   -1    1    0.000064
   4    1   -2    0    0   -0.000538
   4    1   -2    0    1   -0.000538
   4    9    0   -1    0   -0.000033
   4    9    1    1    0   -0.000032
   4    9    0   -1    2   -0.000033
   4    9    1    1    2   -0.000032
   4    9   -1    1    1    0.000020
   4    9   -2   -1    1    0.000020
   4    6    0    0    2    0.020702
   4    6    0    0   -2    0.020702
   4    5    0    0   -1    0.020359
   4    5    0    0    3    0.020359
   4    9    1    0    1    0.000009
   4    2   -1    1    0    0.001215
   4    2   -1    1    1    0.001215
   4    3   -2   -1    0    0.001180
   4    3   -2   -1    1    0.001180
   4    2   -1   -1    2   -0.000375
   4    2   -1   -1   -1   -0.000375
   4    3    0    1   -1   -0.000366
   4    3    0    1    2   -0.000366
   4    5   -2    0    1    0.112154
   4    5   -2   -2    1    0.111185
   4    6    0    2    0    0.112966
   4    6   -2    0    0    0.112967
   4    8   -1    0   -1   -0.000049
   4    8   -1    0    2   -0.000049
   4    7   -2    0   -1   -0.000049
   4    7   -2    0    2   -0.000049
   4    1    0   -1    0   -0.000383
   4    1    0   -1    1   -0.000383
   4    1    1    1    0   -0.000333
   4    1    1    1    1   -0.000333
   4    7    0    2    0    0.000018
   4    7    0    2    1    0.000018
   4    8   -1   -2    0    0.000017
   4    8   -1   -2    1    0.000017
   4    9    0    1   -1   -0.000042
   4    9   -1   -1   -1   -0.000042
   4    9   -1   -1    3   -0.000042
   4    9    0    1    3   -0.000042
   4    1   -1    1   -1   -0.000175
   4    1   -1    1    2   -0.000175
   4    1   -2   -1    2   -0.000170
   4    1   -2   -1   -1   -0.000170
   4    5   -1    1    1   -0.008996
   4    6    1    2    0   -0.007701
   4    6   -2   -1    0   -0.007701
   4    5   -1   -2    1   -0.010330
   4    9   -1    1    0   -0.000012
   4    9   -2   -1    0   -0.000013
   4    9   -1    1    2   -0.000012
   4    9   -2   -1    2   -0.000013
   4    7   -1   -1    2   -0.000069
   4    7   -1   -1   -1   -0.000069
   4    8    1    1   -1   -0.000070
   4    8    1    1    2   -0.000070
   4    9    1    0    0    0.000007
   4    9    1    0    2    0.000007
   4    8    0    0   -2    0.000030
   4    8    0    0    3    0.000030
   4    7   -1    0   -2    0.000029
   4    7   -1    0    3    0.000029
   5    9    0    0    0    0.009818
   5    8    1    0    0    0.005853
   5    8    1    0   -1    0.005853
   5    7    0    1   -1    0.005853
   5    7    0    1    0    0.005853
   5    2    1    1   -1    0.110158
   5    2    1    1    0    0.110158
   5    1    0    0    0    0.075023
   5    1    0    0   -1    0.075023
   5    3    0    0    0    0.075023
   5    3    0    0   -1    0.075023
   5    6    1    1   -1   -1.139684
   5    4    1    0   -1   -1.158706
   5    4    1    1   -1   -1.139684
   5    6    0    1   -1   -1.158706
   5    9    1    1    0   -0.001043
   5    5    0    0   -1    1.259549
   5    5    0    0    1    1.259549
   5    6    0    0   -1    0.731794
   5    4    0    0   -1    0.731794
   5    2    0    0    0   -0.002718
   5    2    0    0   -1   -0.002718
   5    9    0    0   -1    0.000002
   5    9    0    0    1    0.000002
   5    3    1    0   -1   -0.000001
   5    3    1    0    0   -0.000001
   5    1    0    1   -1   -0.000001
   5    1    0    1    0   -0.000001
   5    7    0    0   -1   -0.000517
   5    7    0    0    0   -0.000517
   5    8    0    0    0   -0.000517
   5    8    0    0   -1   -0.000517
   5    6    1    1    0    0.100152
   5    6    1    1   -2    0.100153
   5    4    1    0    0    0.098531
   5    4    1    0   -2    0.098531
   5    4    1    1   -2    0.100152
   5    4    1    1    0    0.100153
   5    6    0    1    0    0.098531
   5    6    0    1   -2    0.098531
   5    1    1    1   -1    0.006187
   5    1    1    1    0    0.006187
   5    3    1    1   -1    0.006187
   5    3    1    1    0    0.006187
   5    9    1    1   -1    0.001208
   5    9    1    1    1    0.001208
   5    9    1    0    0   -0.000127
   5    9    0    1    0   -0.000127
   5    7    1    1   -1    0.000375
   5    7    1    1    0    0.000375
   5    8    1    1   -1    0.000375
   5    8    1    1    0    0.000375
   5    6    0    0    0   -0.269503
   5    6    0    0   -2   -0.269504
   5    4    0    0    0   -0.269503
   5    4    0    0   -2   -0.269504
   5    2    0    1   -1   -0.003005
   5    2    0    1    0   -0.003005
   5    2    1    0   -1   -0.003005
   5    2    1    0    0   -0.003005
   5    8    1    0    1   -0.000023
   5    8    1    0   -2   -0.000023
   5    7    0    1   -2   -0.000023
   5    7    0    1    1   -0.000023
   5    2    1    1   -2   -0.002653
   5    2    1    1    1   -0.002653
   5    1    0    0    1    0.001265
   5    1    0    0   -2    0.001265
   5    3    0    0    1    0.001265
   5    3    0    0   -2    0.001265
   5    8    0   -1    0    0.000297
   5    8    0   -1   -1    0.000297
   5    7   -1    0   -1    0.000297
   5    7   -1    0    0    0.000297
   5    5    0   -1    0   -0.281971
   5    5    0    1    0   -0.281971
   5    5   -1    0    0   -0.281971
   5    5    1    0    0   -0.281971
   5    5   -1   -1    0   -0.100629
   5    5    1    1    0   -0.100629
   5    4    2    1   -1    0.222897
   5    6    1    2   -1    0.222897
   5    9    1    0   -1    0.000024
   5    9    1    0    1    0.000024
   5    9    0    1   -1    0.000024
   5    9    0    1    1    0.000024
   5    3    0   -1    0    0.001634
   5    3    0   -1   -1    0.001634
   5    1   -1    0    0    0.001634
   5    1   -1    0   -1    0.001634
   5    2    0    0    1    0.000365
   5    2    0    0   -2    0.000365
   5    3    1    0    1    0.001407
   5    3    1    0   -2    0.001407
   5    1    0    1   -2    0.001407
   5    1    0    1    1    0.001407
   5    1    1    0   -1   -0.001340
   5    1    1    0    0   -0.001340
   5    3    0    1   -1   -0.001340
   5    3    0    1    0   -0.001340
   5    7    0    0    1    0.000138
   5    7    0    0   -2    0.000138
   5    8    0    0   -2    0.000138
   5    8    0    0    1    0.000138
   5    5    0   -1    1   -0.089611
   5    5    0    1   -1   -0.089611
   5    5    0   -1   -1   -0.089610
   5    5    0    1    1   -0.089610
   5    5   -1    0   -1   -0.089611
   5    5   -1    0    1   -0.089611
   5    5    1    0   -1   -0.089611
   5    5    1    0    1   -0.089611
   5    5   -1   -1    1    0.054705
   5    5   -1   -1   -1    0.054705
   5    5    1    1   -1    0.054705
   5    5    1    1    1    0.054705
   5    8    2    1   -1    0.000063
   5    8    2    1    0    0.000063
   5    7    1    2   -1    0.000063
   5    7    1    2    0    0.000063
   5    1    1    1   -2   -0.000495
   5    1    1    1    1   -0.000495
   5    3    1    1   -2   -0.000495
   5    3    1    1    1   -0.000495
   5    4    2    1   -2    0.109620
   5    4    2    1    0    0.109620
   5    6    1    2   -2    0.109620
   5    6    1    2    0    0.109620
   5    5    0    0    2   -0.034013
   5    5    0    0   -2   -0.034013
   5    7    1    1   -2    0.000062
   5    7    1    1    1    0.000062
   5    8    1    1   -2    0.000062
   5    8    1    1    1    0.000062
   5    6    1    0   -1   -0.128751
   5    4    0   -1   -1   -0.128436
   5    4    0    1   -1   -0.128751
   5    6   -1    0   -1   -0.128436
   5    2    1    2   -1   -0.001204
   5    2    1    2    0   -0.001204
   5    2    2    1   -1   -0.001204
   5    2    2    1    0   -0.001204
   5    9    0   -1    0   -0.000196
   5    9   -1    0    0   -0.000196
   5    2    0    1   -2    0.000299
   5    2    0    1    1    0.000299
   5    2    1    0    1    0.000299
   5    2    1    0   -2    0.000299
   5    8    1   -1    0   -0.000092
   5    8    1   -1   -1   -0.000092
   5    7   -1    1   -1   -0.000092
   5    7   -1    1    0   -0.000092
   5    9    0    0   -2   -0.000016
   5    9    0    0    2   -0.000016
   5    8    0   -1    1    0.000013
   5    8    0   -1   -2    0.000013
   5    7   -1    0    1    0.000013
   5    7   -1    0   -2    0.000013
   5    6    1    1    1   -0.027459
   5    6    1    1   -3   -0.027459
   5    4    1    0   -3   -0.027163
   5    4    1    0    1   -0.027163
   5    4    1    1   -3   -0.027459
   5    4    1    1    1   -0.027459
   5    6    0    1    1   -0.027163
   5    6    0    1   -3   -0.027163
   5    8    2    0   -1   -0.000043
   5    8    2    0    0   -0.000043
   5    7    0    2   -1   -0.000043
   5    7    0    2    0   -0.000043
   5    1   -1   -1    0    0.000282
   5    1   -1   -1   -1    0.000282
   5    3   -1   -1   -1    0.000282
   5    3   -1   -1    0    0.000282
   5    9    1    1   -2    0.000130
   5    9    1    1    2    0.000130
   5    3    0   -1    1   -0.000422
   5    3    0   -1   -2   -0.000422
   5    1   -1    0    1   -0.000422
   5    1   -1    0   -2   -0.000422
   5    6    1    0    0    0.027414
   5    6    1    0   -2    0.027414
   5    4    0   -1    0    0.028322
   5    4    0   -1   -2    0.028322
   5    4    0    1   -2    0.027414
   5    4    0    1    0    0.027414
   5    6   -1    0    0    0.028322
   5    6   -1    0   -2    0.028322
   5    1    0   -1    0    0.000100
   5    1    0   -1   -1    0.000100
   5    3   -1    0   -1    0.000100
   5    3   -1    0    0    0.000100
   5    2    2    2   -1   -0.000567
   5    2    2    2    0   -0.000567
   5    9    0   -1   -1   -0.000033
   5    9    0   -1    1   -0.000033
   5    9   -1    0   -1   -0.000033
   5    9   -1    0    1   -0.000033
   5    9    2    1    0    0.000021
   5    9    1    2    0    0.000021
   5    6    0    0    1    0.020359
   5    6    0    0   -3    0.020359
   5    4    0    0   -3    0.020359
   5    4    0    0    1    0.020359
   5    9   -1   -1    0    0.000007
   5    3    2    1   -1    0.001187
   5    3    2    1    0    0.001187
   5    1    1    2   -1    0.001187
   5    1    1    2    0    0.001187
   5    1    1    0   -2   -0.000321
   5    1    1    0    1   -0.000321
   5    3    0    1   -2   -0.000321
   5    3    0    1    1   -0.000321
   5    4    2    0   -1    0.112154
   5    6    2    2   -1    0.111185
   5    4    2    2   -1    0.111185
   5    6    0    2   -1    0.112154
   5    8    2    1   -2   -0.000048
   5    8    2    1    1   -0.000048
   5    7    1    2   -2   -0.000048
   5    7    1    2    1   -0.000048
   5    2   -1    0   -1   -0.000348
   5    2   -1    0    0   -0.000348
   5    2    0   -1    0   -0.000348
   5    2    0   -1   -1   -0.000348
   5    7    1    0   -1    0.000018
   5    7    1    0    0    0.000018
   5    8    0    1   -1    0.000018
   5    8    0    1    0    0.000018
   5    9    1    0   -2   -0.000041
   5    9    1    0    2   -0.000041
   5    9    0    1   -2   -0.000041
   5    9    0    1    2   -0.000041
   5    2    1    2   -2   -0.000158
   5    2    1    2    1   -0.000158
   5    2    2    1   -2   -0.000158
   5    2    2    1    1   -0.000158
   5    6    2    1   -1   -0.010330
   5    4    1   -1   -1   -0.008996
   5    4    1    2   -1   -0.010330
   5    6   -1    1   -1   -0.008996
   5    9    2    1   -1   -0.000012
   5    9    2    1    1   -0.000012
   5    9    1    2   -1   -0.000012
   5    9    1    2    1   -0.000012
   5    8    1   -1    1   -0.000069
   5    8    1   -1   -2   -0.000069
   5    7   -1    1   -2   -0.000069
   5    7   -1    1    1   -0.000069
   5    9   -1   -1   -1    0.000007
   5    9   -1   -1    1    0.000007
   5    8    1    0   -3    0.000031
   5    8    1    0    2    0.000031
   5    7    0    1   -3    0.000031
   5    7    0    1    2    0.000031
   6    9    0    0    1    0.009829
   6    7    0    0    0    0.005842
   6    7    0    0    1    0.005842
   6    8    0   -1    1    0.005843
   6    8    0   -1    0    0.005843
   6    3    0   -1    0    0.109582
   6    3    0   -1    1    0.109582
   6    2    0    0    0    0.075709
   6    2    0    0    1    0.075709
   6    1    0    0    0    0.075271
   6    1    0    0    1    0.075271
   6    5   -1   -1    1   -1.139684
   6    4    0   -1    0   -1.148574
   6    4    1    0    0   -1.148574
   6    5    0   -1    1   -1.158706
   6    9    0   -1    1   -0.001027
   6    6    0    0    1    1.263634
   6    6    0    0   -1    1.263634
   6    4    0    0    0    0.735243
   6    5    0    0    1    0.731794
   6    3    0    0    0   -0.002794
   6    3    0    0    1   -0.002794
   6    9    0    0    0   -0.000007
   6    9    0    0    2   -0.000007
   6    1   -1   -1    0   -0.000004
   6    1   -1   -1    1   -0.000004
   6    2    1    0    0   -0.000066
   6    2    1    0    1   -0.000066
   6    7   -1    0    0   -0.000522
   6    7   -1    0    1   -0.000522
   6    8    1    0    0   -0.000517
   6    8    1    0    1   -0.000517
   6    5   -1   -1    0    0.100152
   6    5   -1   -1    2    0.100153
   6    4    0   -1   -1    0.101851
   6    4    0   -1    1    0.101851
   6    4    1    0   -1    0.101851
   6    4    1    0    1    0.101851
   6    5    0   -1    0    0.098531
   6    5    0   -1    2    0.098531
   6    1    0   -1    0    0.006029
   6    1    0   -1    1    0.006029
   6    2    0   -1    1    0.005928
   6    2    0   -1    0    0.005928
   6    9    0   -1    0    0.001207
   6    9    0   -1    2    0.001207
   6    9    1    0    1   -0.000121
   6    9   -1   -1    1   -0.000128
   6    8    1   -1    0    0.000377
   6    8    1   -1    1    0.000377
   6    7   -1   -1    0    0.000384
   6    7   -1   -1    1    0.000384
   6    4    0    0   -1   -0.266156
   6    4    0    0    1   -0.266156
   6    5    0    0    0   -0.269503
   6    5    0    0    2   -0.269504
   6    3   -1   -1    1   -0.002948
   6    3   -1   -1    0   -0.002948
   6    3    1    0    0   -0.002987
   6    3    1    0    1   -0.002987
   6    7    0    0   -1   -0.000024
   6    7    0    0    2   -0.000024
   6    8    0   -1    2   -0.000021
   6    8    0   -1   -1   -0.000021
   6    3    0   -1    2   -0.002694
   6    3    0   -1   -1   -0.002694
   6    2    0    0   -1    0.001288
   6    2    0    0    2    0.001288
   6    1    0    0   -1    0.001252
   6    1    0    0    2    0.001252
   6    8    0    0    0    0.000296
   6    8    0    0    1    0.000296
   6    7    0    1    0    0.000296
   6    7    0    1    1    0.000296
   6    6    0   -1    0   -0.100806
   6    6    0    1    0   -0.100806
   6    6   -1    0    0   -0.290600
   6    6    1    0    0   -0.290600
   6    6   -1   -1    0   -0.282432
   6    6    1    1    0   -0.282432
   6    4    1   -1    0    0.238216
   6    5   -1   -2    1    0.222897
   6    9    1    0    0    0.000022
   6    9   -1   -1    0    0.000020
   6    9    1    0    2    0.000022
   6    9   -1   -1    2    0.000020
   6    1   -1    0    0    0.001585
   6    1   -1    0    1    0.001585
   6    2    1    1    0    0.001628
   6    2    1    1    1    0.001628
   6    3    0    0   -1    0.000337
   6    3    0    0    2    0.000337
   6    1   -1   -1   -1    0.001412
   6    1   -1   -1    2    0.001412
   6    2    1    0   -1    0.001389
   6    2    1    0    2    0.001389
   6    2   -1   -1    0   -0.001328
   6    2   -1   -1    1   -0.001328
   6    1    1    0    0   -0.001345
   6    1    1    0    1   -0.001345
   6    7   -1    0   -1    0.000139
   6    7   -1    0    2    0.000139
   6    8    1    0   -1    0.000139
   6    8    1    0    2    0.000139
   6    6    0   -1    1    0.054539
   6    6    0   -1   -1    0.054539
   6    6    0    1   -1    0.054539
   6    6    0    1    1    0.054539
   6    6    1    0    1   -0.091616
   6    6   -1    0   -1   -0.091616
   6    6   -1    0    1   -0.091615
   6    6    1    0   -1   -0.091615
   6    6   -1   -1    1   -0.092194
   6    6   -1   -1   -1   -0.092194
   6    6    1    1   -1   -0.092194
   6    6    1    1    1   -0.092194
   6    7    0   -1    1    0.000063
   6    7    0   -1    0    0.000063
   6    8    0   -2    1    0.000065
   6    8    0   -2    0    0.000065
   6    1    0   -1    2   -0.000570
   6    1    0   -1   -1   -0.000570
   6    2    0   -1    2   -0.000488
   6    2    0   -1   -1   -0.000488
   6    4    1   -1    1    0.109464
   6    4    1   -1   -1    0.109464
   6    5   -1   -2    2    0.109620
   6    5   -1   -2    0    0.109620
   6    6    0    0    2   -0.030438
   6    6    0    0   -2   -0.030438
   6    8    1   -1    2    0.000058
   6    8    1   -1   -1    0.000058
   6    7   -1   -1    2    0.000062
   6    7   -1   -1   -1    0.000062
   6    5   -1    0    1   -0.128751
   6    4   -1   -1    0   -0.124977
   6    4    1    1    0   -0.124976
   6    5    1    0    1   -0.128436
   6    3    1   -1    0   -0.001189
   6    3    1   -1    1   -0.001189
   6    3   -1   -2    0   -0.001208
   6    3   -1   -2    1   -0.001208
   6    9   -1    0    1   -0.000197
   6    9    1    1    1   -0.000197
   6    3   -1   -1    2    0.000359
   6    3   -1   -1   -1    0.000359
   6    3    1    0   -1    0.000349
   6    3    1    0    2    0.000349
   6    8   -1   -1    0   -0.000093
   6    8   -1   -1    1   -0.000093
   6    7    1    1    0   -0.000092
   6    7    1    1    1   -0.000092
   6    9    0    0   -1   -0.000016
   6    9    0    0    3   -0.000016
   6    8    0    0   -1    0.000015
   6    8    0    0    2    0.000015
   6    7    0    1   -1    0.000014
   6    7    0    1    2    0.000014
   6    5   -1   -1   -1   -0.027459
   6    5   -1   -1    3   -0.027459
   6    4    0   -1   -2   -0.028707
   6    4    0   -1    2   -0.028707
   6    4    1    0   -2   -0.028707
   6    4    1    0    2   -0.028707
   6    5    0   -1   -1   -0.027163
   6    5    0   -1    3   -0.027163
   6    7    1    0    0   -0.000045
   6    7    1    0    1   -0.000045
   6    8   -1   -2    1   -0.000044
   6    8   -1   -2    0   -0.000044
   6    2    0    1    0    0.000273
   6    2    0    1    1    0.000273
   6    1    0    1    0    0.000274
   6    1    0    1    1    0.000274
   6    9    0   -1   -1    0.000130
   6    9    0   -1    3    0.000130
   6    1   -1    0   -1   -0.000410
   6    1   -1    0    2   -0.000410
   6    2    1    1   -1   -0.000382
   6    2    1    1    2   -0.000382
   6    5   -1    0    0    0.027414
   6    5   -1    0    2    0.027414
   6    4   -1   -1    1    0.029093
   6    4    1    1   -1    0.029093
   6    4   -1   -1   -1    0.029093
   6    4    1    1    1    0.029093
   6    5    1    0    0    0.028322
   6    5    1    0    2    0.028322
   6    2   -1    0    0    0.000064
   6    2   -1    0    1    0.000064
   6    1    1    1    0    0.000069
   6    1    1    1    1    0.000069
   6    3    0   -2    0   -0.000538
   6    3    0   -2    1   -0.000538
   6    9   -1    0    0   -0.000033
   6    9    1    1    0   -0.000032
   6    9   -1    0    2   -0.000033
   6    9    1    1    2   -0.000032
   6    9    1   -1    1    0.000020
   6    9   -1   -2    1    0.000020
   6    4    0    0   -2    0.020702
   6    4    0    0    2    0.020702
   6    5    0    0   -1    0.020359
   6    5    0    0    3    0.020359
   6    9    0    1    1    0.000009
   6    1   -1   -2    1    0.001180
   6    1   -1   -2    0    0.001180
   6    2    1   -1    1    0.001215
   6    2    1   -1    0    0.001215
   6    2   -1   -1   -1   -0.000375
   6    2   -1   -1    2   -0.000375
   6    1    1    0   -1   -0.000366
   6    1    1    0    2   -0.000366
   6    5   -2   -2    1    0.111185
   6    4    0   -2    0    0.112966
   6    4    2    0    0    0.112967
   6    5    0   -2    1    0.112154
   6    7    0   -1    2   -0.000049
   6    7    0   -1   -1   -0.000049
   6    8    0   -2    2   -0.000049
   6    8    0   -2   -1   -0.000049
   6    3   -1    0    0   -0.000383
   6    3   -1    0    1   -0.000383
   6    3    1    1    0   -0.000333
   6    3    1    1    1   -0.000333
   6    8    2    0    0    0.000018
   6    8    2    0    1    0.000018
   6    7   -2   -1    1    0.000017
   6    7   -2   -1    0    0.000017
   6    9    1    0   -1   -0.000042
   6    9   -1   -1   -1   -0.000042
   6    9    1    0    3   -0.000042
   6    9   -1   -1    3   -0.000042
   6    3    1   -1    2   -0.000175
   6    3    1   -1   -1   -0.000175
   6    3   -1   -2    2   -0.000170
   6    3   -1   -2   -1   -0.000170
   6    5   -2   -1    1   -0.010330
   6    4   -1   -2    0   -0.007701
   6    4    2    1    0   -0.007701
   6    5    1   -1    1   -0.008996
   6    9    1   -1    0   -0.000012
   6    9   -1   -2    0   -0.000013
   6    9    1   -1    2   -0.000012
   6    9   -1   -2    2   -0.000013
   6    8   -1   -1    2   -0.000069
   6    8   -1   -1   -1   -0.000069
   6    7    1    1   -1   -0.000070
   6    7    1    1    2   -0.000070
   6    9    0    1    0    0.000007
   6    9    0    1    2    0.000007
   6    7    0    0   -2    0.000030
   6    7    0    0    3    0.000030
   6    8    0   -1   -2    0.000029
   6    8    0   -1    3    0.000029
   7    1    0    0    0   -0.000993
   7    3    0   -1    0   -0.000993
   7    2    1    0    0   -0.000997
   7    6    0    0    0    0.005842
   7    6    0    0   -1    0.005842
   7    4    1    0   -1    0.005843
   7    4    1    0    0    0.005843
   7    5    0   -1    0    0.005853
   7    5    0   -1    1    0.005853
   7    8    0   -1    0    0.000001
   7    8    1    0    0    0.000001
   7    8    1   -1    0    0.000001
   7    7    0    0   -1   -0.000003
   7    7    0    0    1   -0.000003
   7    2    0    0    0    0.000077
   7    1    0   -1    0    0.000077
   7    3    1    0    0    0.000077
   7    9    0    0    0    0.000002
   7    9    0   -1    0    0.000002
   7    9    1    0    0    0.000002
   7    9    0    0    1    0.000002
   7    9    0   -1    1    0.000002
   7    9    1    0    1    0.000002
   7    1    0    0   -1    0.000008
   7    1    0    0    1    0.000008
   7    3    0   -1   -1    0.000008
   7    3    0   -1    1    0.000008
   7    2    1    0   -1    0.000008
   7    2    1    0    1    0.000008
   7    5    0    0    0   -0.000517
   7    5    0    0    1   -0.000517
   7    6    1    0   -1   -0.000522
   7    6    1    0    0   -0.000522
   7    4    0   -1    0   -0.000517
   7    4    0   -1   -1   -0.000517
   7    2    0   -1    0    0.000011
   7    3    0    0    0    0.000011
   7    1    1    0    0    0.000011
   7    8    0   -1   -1   -0.000000
   7    8    0   -1    1   -0.000000
   7    8    1    0   -1   -0.000000
   7    8    1   -1   -1   -0.000000
   7    8    1   -1    1   -0.000000
   7    8    1    0    1   -0.000000
   7    2    0    0   -1    0.000039
   7    2    0    0    1    0.000039
   7    1    0   -1    1    0.000039
   7    1    0   -1   -1    0.000039
   7    3    1    0   -1    0.000039
   7    3    1    0    1    0.000039
   7    5   -1   -1    0    0.000375
   7    5   -1   -1    1    0.000375
   7    4    1   -1   -1    0.000377
   7    4    1   -1    0    0.000377
   7    6    1    1   -1    0.000384
   7    6    1    1    0    0.000384
   7    2    1    1    0   -0.000001
   7    3    1   -1    0   -0.000001
   7    1   -1   -1    0   -0.000001
   7    6    0    0    1   -0.000024
   7    6    0    0   -2   -0.000024
   7    4    1    0   -2   -0.000021
   7    4    1    0    1   -0.000021
   7    5    0   -1   -1   -0.000023
   7    5    0   -1    2   -0.000023
   7    4    0    0   -1    0.000296
   7    4    0    0    0    0.000296
   7    6    0   -1   -1    0.000296
   7    6    0   -1    0    0.000296
   7    5    1    0    0    0.000297
   7    5    1    0    1    0.000297
   7    7    0   -1    0   -0.000000
   7    7    0    1    0   -0.000000
   7    7   -1    0    0   -0.000000
   7    7    1    0    0   -0.000000
   7    7   -1   -1    0   -0.000000
   7    7    1    1    0   -0.000000
   7    2    0   -1    1   -0.000003
   7    2    0   -1   -1   -0.000003
   7    3    0    0   -1   -0.000003
   7    3    0    0    1   -0.000003
   7    1    1    0   -1   -0.000003
   7    1    1    0    1   -0.000003
   7    9    0    0   -1    0.000000
   7    9    1    0   -1    0.000000
   7    9    0   -1   -1    0.000000
   7    9    0    0    2    0.000000
   7    9    0   -1    2    0.000000
   7    9    1    0    2    0.000000
   7    2    1    1   -1   -0.000002
   7    2    1    1    1   -0.000002
   7    3    1   -1   -1   -0.000002
   7    3    1   -1    1   -0.000002
   7    1   -1   -1    1   -0.000002
   7    1   -1   -1   -1   -0.000002
   7    5    0    0   -1    0.000138
   7    5    0    0    2    0.000138
   7    6    1    0    1    0.000139
   7    6    1    0   -2    0.000139
   7    4    0   -1    1    0.000139
   7    4    0   -1   -2    0.000139
   7    8    0    0    0    0.000000
   7    8    0   -2    0    0.000000
   7    8    2    0    0    0.000000
   7    7    0   -1    1   -0.000000
   7    7    0    1   -1   -0.000000
   7    7    0   -1   -1   -0.000000
   7    7    0    1    1   -0.000000
   7    7    1    0   -1   -0.000000
   7    7    1    0    1   -0.000000
   7    7   -1    0   -1   -0.000000
   7    7   -1    0    1   -0.000000
   7    7   -1   -1    1   -0.000000
   7    7   -1   -1   -1   -0.000000
   7    7    1    1   -1   -0.000000
   7    7    1    1    1   -0.000000
   7    6    0    1   -1    0.000063
   7    6    0    1    0    0.000063
   7    5   -1   -2    1    0.000063
   7    5   -1   -2    0    0.000063
   7    4    2    0   -1    0.000065
   7    4    2    0    0    0.000065
   7    3   -1   -1    0    0.000005
   7    1    1    1    0    0.000005
   7    2    1   -1    0    0.000005
   7    9    1   -1    0   -0.000000
   7    9    1    1    0   -0.000000
   7    9   -1   -1    0   -0.000000
   7    9    1   -1    1   -0.000000
   7    9    1    1    1   -0.000000
   7    9   -1   -1    1   -0.000000
   7    7    0    0   -2    0.000000
   7    7    0    0    2    0.000000
   7    5   -1   -1   -1    0.000062
   7    5   -1   -1    2    0.000062
   7    4    1   -1   -2    0.000058
   7    4    1   -1    1    0.000058
   7    6    1    1   -2    0.000062
   7    6    1    1    1    0.000062
   7    4    1    1   -1   -0.000093
   7    4    1    1    0   -0.000093
   7    6   -1   -1   -1   -0.000092
   7    6   -1   -1    0   -0.000092
   7    5    1   -1    0   -0.000092
   7    5    1   -1    1   -0.000092
   7    1    0    0   -2   -0.000001
   7    1    0    0    2   -0.000001
   7    3    0   -1    2   -0.000001
   7    3    0   -1   -2   -0.000001
   7    2    1    0   -2   -0.000001
   7    2    1    0    2   -0.000001
   7    1   -1    0    0   -0.000001
   7    3    0   -2    0   -0.000001
   7    2    2    1    0   -0.000001
   7    8    0    0   -1    0.000000
   7    8    0    0    1    0.000000
   7    8    0   -2    1    0.000000
   7    8    0   -2   -1    0.000000
   7    8    2    0   -1    0.000000
   7    8    2    0    1    0.000000
   7    4    0    0   -2    0.000015
   7    4    0    0    1    0.000015
   7    6    0   -1    1    0.000014
   7    6    0   -1   -2    0.000014
   7    5    1    0   -1    0.000013
   7    5    1    0    2    0.000013
   7    3   -1   -1   -1    0.000001
   7    3   -1   -1    1    0.000001
   7    1    1    1   -1    0.000001
   7    1    1    1    1    0.000001
   7    2    1   -1    1    0.000001
   7    2    1   -1   -1    0.000001
   7    6   -1    0   -1   -0.000045
   7    6   -1    0    0   -0.000045
   7    4    2    1   -1   -0.000044
   7    4    2    1    0   -0.000044
   7    5    0   -2    0   -0.000043
   7    5    0   -2    1   -0.000043
   7    8    0   -1    2   -0.000000
   7    8    0   -1   -2   -0.000000
   7    8    1   -1    2   -0.000000
   7    8    1    0   -2   -0.000000
   7    8    1    0    2   -0.000000
   7    8    1   -1   -2   -0.000000
   7    2    0    0   -2    0.000001
   7    2    0    0    2    0.000001
   7    1    0   -1    2    0.000001
   7    1    0   -1   -2    0.000001
   7    3    1    0   -2    0.000001
   7    3    1    0    2    0.000001
   7    2   -1   -1    0   -0.000002
   7    1    0    1    0   -0.000000
   7    1    1   -1    0   -0.000002
   7    3    1    1    0   -0.000002
   7    3   -1   -2    0   -0.000000
   7    2    2    0    0   -0.000000
   7    1   -1    0   -1   -0.000000
   7    1   -1    0    1   -0.000000
   7    3    0   -2    1   -0.000000
   7    3    0   -2   -1   -0.000000
   7    2    2    1   -1   -0.000000
   7    2    2    1    1   -0.000000
   7    6    0    1   -2   -0.000049
   7    6    0    1    1   -0.000049
   7    5   -1   -2    2   -0.000048
   7    5   -1   -2   -1   -0.000048
   7    4    2    0   -2   -0.000049
   7    4    2    0    1   -0.000049
   7    2    0   -1    2    0.000002
   7    2    0   -1   -2    0.000002
   7    3    0    0   -2    0.000002
   7    3    0    0    2    0.000002
   7    1    1    0   -2    0.000002
   7    1    1    0    2    0.000002
   7    2    0    1    0   -0.000000
   7    3    2    0    0   -0.000000
   7    1   -1   -2    0   -0.000000
   7    9    1   -1   -1    0.000000
   7    9    1    1   -1    0.000000
   7    9   -1   -1   -1    0.000000
   7    9    1   -1    2    0.000000
   7    9   -1   -1    2    0.000000
   7    9    1    1    2    0.000000
   7    5   -1    0    0    0.000018
   7    5   -1    0    1    0.000018
   7    4    0   -2   -1    0.000018
   7    4    0   -2    0    0.000018
   7    6    2    1   -1    0.000017
   7    6    2    1    0    0.000017
   7    2   -1   -1   -1   -0.000001
   7    2   -1   -1    1   -0.000001
   7    1    0    1   -1   -0.000000
   7    1    0    1    1   -0.000000
   7    1    1   -1    1   -0.000001
   7    1    1   -1   -1   -0.000001
   7    3    1    1   -1   -0.000001
   7    3    1    1    1   -0.000001
   7    3   -1   -2   -1   -0.000000
   7    3   -1   -2    1   -0.000000
   7    2    2    0   -1   -0.000000
   7    2    2    0    1   -0.000000
   7    4    1    1   -2   -0.000069
   7    4    1    1    1   -0.000069
   7    6   -1   -1    1   -0.000070
   7    6   -1   -1   -2   -0.000070
   7    5    1   -1   -1   -0.000069
   7    5    1   -1    2   -0.000069
   7    8    1    1    0   -0.000000
   7    8   -1   -1    0   -0.000000
   7    8    1   -2    0   -0.000000
   7    8    2   -1    0   -0.000000
   7    8   -1   -2    0   -0.000000
   7    8    2    1    0   -0.000000
   7    2    1    1   -2   -0.000002
   7    2    1    1    2   -0.000002
   7    3    1   -1    2   -0.000002
   7    3    1   -1   -2   -0.000002
   7    1   -1   -1    2   -0.000002
   7    1   -1   -1   -2   -0.000002
   7    6    0    0   -3    0.000030
   7    6    0    0    2    0.000030
   7    4    1    0   -3    0.000029
   7    4    1    0    2    0.000029
   7    5    0   -1   -2    0.000031
   7    5    0   -1    3    0.000031
   8    2    0    1    0   -0.000997
   8    3    0    0    0   -0.000993
   8    1   -1    0    0   -0.000993
   8    5   -1    0    0    0.005853
   8    5   -1    0    1    0.005853
   8    4    0    0    0    0.005842
   8    4    0    0   -1    0.005842
   8    6    0    1   -1    0.005843
   8    6    0    1    0    0.005843
   8    7    0    1    0    0.000001
   8    7   -1    0    0    0.000001
   8    7   -1    1    0    0.000001
   8    8    0    0   -1   -0.000003
   8    8    0    0    1   -0.000003
   8    3   -1    0    0    0.000077
   8    1    0    1    0    0.000077
   8    2    0    0    0    0.000077
   8    9    0    0    0    0.000002
   8    9    0    1    0    0.000002
   8    9   -1    0    0    0.000002
   8    9    0    0    1    0.000002
   8    9   -1    0    1    0.000002
   8    9    0    1    1    0.000002
   8    2    0    1   -1    0.000008
   8    2    0    1    1    0.000008
   8    3    0    0   -1    0.000008
   8    3    0    0    1    0.000008
   8    1   -1    0    1    0.000008
   8    1   -1    0   -1    0.000008
   8    4    0    1   -1   -0.000522
   8    4    0    1    0   -0.000522
   8    6   -1    0    0   -0.000517
   8    6   -1    0   -1   -0.000517
   8    5    0    0    0   -0.000517
   8    5    0    0    1   -0.000517
   8    2   -1    0    0    0.000011
   8    1    0    0    0    0.000011
   8    3    0    1    0    0.000011
   8    7   -1    0    1   -0.000000
   8    7    0    1   -1   -0.000000
   8    7    0    1    1   -0.000000
   8    7   -1    0   -1   -0.000000
   8    7   -1    1   -1   -0.000000
   8    7   -1    1    1   -0.000000
   8    3   -1    0   -1    0.000039
   8    3   -1    0    1    0.000039
   8    1    0    1   -1    0.000039
   8    1    0    1    1    0.000039
   8    2    0    0    1    0.000039
   8    2    0    0   -1    0.000039
   8    6   -1    1   -1    0.000377
   8    6   -1    1    0    0.000377
   8    4    1    1   -1    0.000384
   8    4    1    1    0    0.000384
   8    5   -1   -1    1    0.000375
   8    5   -1   -1    0    0.000375
   8    1   -1    1    0   -0.000001
   8    3   -1   -1    0   -0.000001
   8    2    1    1    0   -0.000001
   8    5   -1    0   -1   -0.000023
   8    5   -1    0    2   -0.000023
   8    4    0    0   -2   -0.000024
   8    4    0    0    1   -0.000024
   8    6    0    1   -2   -0.000021
   8    6    0    1    1   -0.000021
   8    6    0    0   -1    0.000296
   8    6    0    0    0    0.000296
   8    4   -1    0    0    0.000296
   8    4   -1    0   -1    0.000296
   8    5    0    1    0    0.000297
   8    5    0    1    1    0.000297
   8    8    0   -1    0   -0.000000
   8    8    0    1    0   -0.000000
   8    8   -1    0    0   -0.000000
   8    8    1    0    0   -0.000000
   8    8    1    1    0   -0.000000
   8    8   -1   -1    0   -0.000000
   8    2   -1    0    1   -0.000003
   8    2   -1    0   -1   -0.000003
   8    1    0    0    1   -0.000003
   8    1    0    0   -1   -0.000003
   8    3    0    1   -1   -0.000003
   8    3    0    1    1   -0.000003
   8    9    0    0   -1    0.000000
   8    9    0    1   -1    0.000000
   8    9   -1    0   -1    0.000000
   8    9    0    0    2    0.000000
   8    9    0    1    2    0.000000
   8    9   -1    0    2    0.000000
   8    1   -1    1   -1   -0.000002
   8    1   -1    1    1   -0.000002
   8    3   -1   -1    1   -0.000002
   8    3   -1   -1   -1   -0.000002
   8    2    1    1   -1   -0.000002
   8    2    1    1    1   -0.000002
   8    4    0    1   -2    0.000139
   8    4    0    1    1    0.000139
   8    6   -1    0    1    0.000139
   8    6   -1    0   -2    0.000139
   8    5    0    0   -1    0.000138
   8    5    0    0    2    0.000138
   8    7    0    0    0    0.000000
   8    7    0    2    0    0.000000
   8    7   -2    0    0    0.000000
   8    8    0   -1    1   -0.000000
   8    8    0    1   -1   -0.000000
   8    8   -1    0   -1   -0.000000
   8    8   -1    0    1   -0.000000
   8    8    0   -1   -1   -0.000000
   8    8    0    1    1   -0.000000
   8    8    1    0   -1   -0.000000
   8    8    1    0    1   -0.000000
   8    8    1    1   -1   -0.000000
   8    8   -1   -1   -1   -0.000000
   8    8   -1   -1    1   -0.000000
   8    8    1    1    1   -0.000000
   8    5   -2   -1    1    0.000063
   8    5   -2   -1    0    0.000063
   8    4    1    0   -1    0.000063
   8    4    1    0    0    0.000063
   8    6    0    2   -1    0.000065
   8    6    0    2    0    0.000065
   8    2   -1    1    0    0.000005
   8    1   -1   -1    0    0.000005
   8    3    1    1    0    0.000005
   8    9   -1    1    0   -0.000000
   8    9   -1   -1    0   -0.000000
   8    9    1    1    0   -0.000000
   8    9   -1    1    1   -0.000000
   8    9   -1   -1    1   -0.000000
   8    9    1    1    1   -0.000000
   8    8    0    0   -2    0.000000
   8    8    0    0    2    0.000000
   8    6   -1    1   -2    0.000058
   8    6   -1    1    1    0.000058
   8    4    1    1   -2    0.000062
   8    4    1    1    1    0.000062
   8    5   -1   -1    2    0.000062
   8    5   -1   -1   -1    0.000062
   8    5   -1    1    0   -0.000092
   8    5   -1    1    1   -0.000092
   8    6    1    1   -1   -0.000093
   8    6    1    1    0   -0.000093
   8    4   -1   -1    0   -0.000092
   8    4   -1   -1   -1   -0.000092
   8    2    0    1   -2   -0.000001
   8    2    0    1    2   -0.000001
   8    3    0    0   -2   -0.000001
   8    3    0    0    2   -0.000001
   8    1   -1    0   -2   -0.000001
   8    1   -1    0    2   -0.000001
   8    3    0   -1    0   -0.000001
   8    1   -2    0    0   -0.000001
   8    2    1    2    0   -0.000001
   8    7    0    0    1    0.000000
   8    7    0    0   -1    0.000000
   8    7    0    2   -1    0.000000
   8    7   -2    0    1    0.000000
   8    7    0    2    1    0.000000
   8    7   -2    0   -1    0.000000
   8    6    0    0    1    0.000015
   8    6    0    0   -2    0.000015
   8    4   -1    0   -2    0.000014
   8    4   -1    0    1    0.000014
   8    5    0    1   -1    0.000013
   8    5    0    1    2    0.000013
   8    2   -1    1   -1    0.000001
   8    2   -1    1    1    0.000001
   8    1   -1   -1    1    0.000001
   8    1   -1   -1   -1    0.000001
   8    3    1    1   -1    0.000001
   8    3    1    1    1    0.000001
   8    5   -2    0    0   -0.000043
   8    5   -2    0    1   -0.000043
   8    4    0   -1   -1   -0.000045
   8    4    0   -1    0   -0.000045
   8    6    1    2   -1   -0.000044
   8    6    1    2    0   -0.000044
   8    7    0    1   -2   -0.000000
   8    7   -1    0   -2   -0.000000
   8    7   -1    0    2   -0.000000
   8    7   -1    1   -2   -0.000000
   8    7    0    1    2   -0.000000
   8    7   -1    1    2   -0.000000
   8    3   -1    0   -2    0.000001
   8    3   -1    0    2    0.000001
   8    1    0    1   -2    0.000001
   8    1    0    1    2    0.000001
   8    2    0    0   -2    0.000001
   8    2    0    0    2    0.000001
   8    2    0    2    0   -0.000000
   8    2   -1   -1    0   -0.000002
   8    3   -1    1    0   -0.000002
   8    3    1    0    0   -0.000000
   8    1    1    1    0   -0.000002
   8    1   -2   -1    0   -0.000000
   8    3    0   -1    1   -0.000000
   8    3    0   -1   -1   -0.000000
   8    1   -2    0    1   -0.000000
   8    1   -2    0   -1   -0.000000
   8    2    1    2   -1   -0.000000
   8    2    1    2    1   -0.000000
   8    5   -2   -1   -1   -0.000048
   8    5   -2   -1    2   -0.000048
   8    4    1    0   -2   -0.000049
   8    4    1    0    1   -0.000049
   8    6    0    2   -2   -0.000049
   8    6    0    2    1   -0.000049
   8    2   -1    0   -2    0.000002
   8    2   -1    0    2    0.000002
   8    1    0    0   -2    0.000002
   8    1    0    0    2    0.000002
   8    3    0    1   -2    0.000002
   8    3    0    1    2    0.000002
   8    1    0    2    0   -0.000000
   8    3   -2   -1    0   -0.000000
   8    2    1    0    0   -0.000000
   8    9   -1    1   -1    0.000000
   8    9   -1   -1   -1    0.000000
   8    9    1    1   -1    0.000000
   8    9   -1    1    2    0.000000
   8    9   -1   -1    2    0.000000
   8    9    1    1    2    0.000000
   8    6   -2    0   -1    0.000018
   8    6   -2    0    0    0.000018
   8    4    1    2   -1    0.000017
   8    4    1    2    0    0.000017
   8    5    0   -1    0    0.000018
   8    5    0   -1    1    0.000018
   8    2    0    2   -1   -0.000000
   8    2    0    2    1   -0.000000
   8    2   -1   -1    1   -0.000001
   8    2   -1   -1   -1   -0.000001
   8    3   -1    1   -1   -0.000001
   8    3   -1    1    1   -0.000001
   8    3    1    0   -1   -0.000000
   8    3    1    0    1   -0.000000
   8    1    1    1   -1   -0.000001
   8    1    1    1    1   -0.000001
   8    1   -2   -1    1   -0.000000
   8    1   -2   -1   -1   -0.000000
   8    5   -1    1   -1   -0.000069
   8    5   -1    1    2   -0.000069
   8    6    1    1   -2   -0.000069
   8    6    1    1    1   -0.000069
   8    4   -1   -1   -2   -0.000070
   8    4   -1   -1    1   -0.000070
   8    7   -1   -1    0   -0.000000
   8    7    1    1    0   -0.000000
   8    7   -1    2    0   -0.000000
   8    7   -2    1    0   -0.000000
   8    7    1    2    0   -0.000000
   8    7   -2   -1    0   -0.000000
   8    1   -1    1   -2   -0.000002
   8    1   -1    1    2   -0.000002
   8    3   -1   -1    2   -0.000002
   8    3   -1   -1   -2   -0.000002
   8    2    1    1   -2   -0.000002
   8    2    1    1    2   -0.000002
   8    5   -1    0   -2    0.000031
   8    5   -1    0    3    0.000031
   8    4    0    0   -3    0.000030
   8    4    0    0    2    0.000030
   8    6    0    1   -3    0.000029
   8    6    0    1    2    0.000029
   9    2    0    0    0   -0.000582
   9    2    0    0   -1   -0.000582
   9    1    0    0    0   -0.000581
   9    3    0    0    0   -0.000581
   9    1    0    0   -1   -0.000581
   9    3    0    0   -1   -0.000581
   9    4    0    0   -1    0.009829
   9    6    0    0   -1    0.009829
   9    5    0    0    0    0.009818
   9    5   -1   -1    0   -0.001043
   9    6    0    1   -1   -0.001027
   9    4    1    0   -1   -0.001027
   9    9    0    0   -1    0.000003
   9    9    0    0    1    0.000003
   9    7    0    0    0    0.000002
   9    8    0    0    0    0.000002
   9    8    0   -1    0    0.000002
   9    7    0    1    0    0.000002
   9    7   -1    0    0    0.000002
   9    8    1    0    0    0.000002
   9    7    0    0   -1    0.000002
   9    8    0    0   -1    0.000002
   9    7    0    1   -1    0.000002
   9    8    0   -1   -1    0.000002
   9    7   -1    0   -1    0.000002
   9    8    1    0   -1    0.000002
   9    4    0    0    0   -0.000007
   9    6    0    0    0   -0.000007
   9    5    0    0    1    0.000002
   9    4    0    0   -2   -0.000007
   9    6    0    0   -2   -0.000007
   9    5    0    0   -1    0.000002
   9    3    0   -1    0    0.000003
   9    1   -1    0    0    0.000003
   9    3    0   -1   -1    0.000003
   9    1   -1    0   -1    0.000003
   9    2    1    1    0    0.000003
   9    2    1    1   -1    0.000003
   9    5   -1   -1    1    0.001208
   9    4    1    0    0    0.001207
   9    6    0    1    0    0.001207
   9    5   -1   -1   -1    0.001208
   9    6    0    1   -2    0.001207
   9    4    1    0   -2    0.001207
   9    5   -1    0    0   -0.000127
   9    4    0   -1   -1   -0.000121
   9    6   -1    0   -1   -0.000121
   9    4    1    1   -1   -0.000128
   9    6    1    1   -1   -0.000128
   9    5    0   -1    0   -0.000127
   9    2    0    0    1   -0.000004
   9    2    0    0   -2   -0.000004
   9    1    0    0    1   -0.000004
   9    3    0    0    1   -0.000004
   9    1    0    0   -2   -0.000004
   9    3    0    0   -2   -0.000004
   9    2    0    1    0    0.000002
   9    2    0    1   -1    0.000002
   9    1    0    1    0    0.000002
   9    3    1    0    0    0.000002
   9    1   -1   -1    0    0.000002
   9    3   -1   -1    0    0.000002
   9    1    0    1   -1    0.000002
   9    3    1    0   -1    0.000002
   9    1   -1   -1   -1    0.000002
   9    3   -1   -1   -1    0.000002
   9    2    1    0    0    0.000002
   9    2    1    0   -1    0.000002
   9    9    0   -1    0   -0.000000
   9    9    0    1    0   -0.000000
   9    9   -1    0    0   -0.000000
   9    9    1    0    0   -0.000000
   9    9   -1   -1    0   -0.000000
   9    9    1    1    0   -0.000000
   9    5   -1    0    1    0.000024
   9    5   -1    0   -1    0.000024
   9    4    0   -1    0    0.000022
   9    6   -1    0    0    0.000022
   9    4    1    1    0    0.000020
   9    6    1    1    0    0.000020
   9    5    0   -1    1    0.000024
   9    4    0   -1   -2    0.000022
   9    6   -1    0   -2    0.000022
   9    4    1    1   -2    0.000020
   9    6    1    1   -2    0.000020
   9    5    0   -1   -1    0.000024
   9    7    0    0    1    0.000000
   9    8    0    0    1    0.000000
   9    8    0   -1    1    0.000000
   9    7   -1    0    1    0.000000
   9    7    0    1    1    0.000000
   9    8    1    0    1    0.000000
   9    7    0    0   -2    0.000000
   9    8    0    0   -2    0.000000
   9    7    0    1   -2    0.000000
   9    8    0   -1   -2    0.000000
   9    7   -1    0   -2    0.000000
   9    8    1    0   -2    0.000000
   9    9    0   -1    1    0.000000
   9    9    0    1   -1    0.000000
   9    9    0   -1   -1    0.000000
   9    9    0    1    1    0.000000
   9    9   -1    0   -1    0.000000
   9    9   -1    0    1    0.000000
   9    9    1    0   -1    0.000000
   9    9    1    0    1    0.000000
   9    9   -1   -1   -1    0.000000
   9    9   -1   -1    1    0.000000
   9    9    1    1   -1    0.000000
   9    9    1    1    1    0.000000
   9    3    0   -1    1   -0.000002
   9    1   -1    0    1   -0.000002
   9    3    0   -1   -2   -0.000002
   9    1   -1    0   -2   -0.000002
   9    2    1    1    1   -0.000002
   9    2    1    1   -2   -0.000002
   9    2   -1    0    0    0.000000
   9    2   -1    0   -1    0.000000
   9    1    0   -1    0    0.000000
   9    3   -1    0    0    0.000000
   9    1    0   -1   -1    0.000000
   9    1    1    1    0    0.000000
   9    3   -1    0   -1    0.000000
   9    3    1    1    0    0.000000
   9    1    1    1   -1    0.000000
   9    3    1    1   -1    0.000000
   9    2    0   -1    0    0.000000
   9    2    0   -1   -1    0.000000
   9    7   -1    1    0   -0.000000
   9    8    1   -1    0   -0.000000
   9    7   -1   -1    0   -0.000000
   9    8    1    1    0   -0.000000
   9    8   -1   -1    0   -0.000000
   9    7    1    1    0   -0.000000
   9    7   -1    1   -1   -0.000000
   9    8    1   -1   -1   -0.000000
   9    7   -1   -1   -1   -0.000000
   9    8    1    1   -1   -0.000000
   9    7    1    1   -1   -0.000000
   9    8   -1   -1   -1   -0.000000
   9    9    0    0    2    0.000000
   9    9    0    0   -2    0.000000
   9    5    0    1    0   -0.000196
   9    4    0    1   -1   -0.000197
   9    6    1    0   -1   -0.000197
   9    6   -1   -1   -1   -0.000197
   9    4   -1   -1   -1   -0.000197
   9    5    1    0    0   -0.000196
   9    6    0    0    1   -0.000016
   9    4    0    0    1   -0.000016
   9    5    0    0    2   -0.000016
   9    4    0    0   -3   -0.000016
   9    6    0    0   -3   -0.000016
   9    5    0    0   -2   -0.000016
   9    2    0    1    1    0.000004
   9    2    0    1   -2    0.000004
   9    1    0    1    1    0.000004
   9    3    1    0    1    0.000004
   9    1   -1   -1    1    0.000004
   9    3   -1   -1    1    0.000004
   9    1    0    1   -2    0.000004
   9    3    1    0   -2    0.000004
   9    1   -1   -1   -2    0.000004
   9    3   -1   -1   -2    0.000004
   9    2    1    0    1    0.000004
   9    2    1    0   -2    0.000004
   9    2   -1   -1    0   -0.000003
   9    2   -1   -1   -1   -0.000003
   9    1    1    0    0   -0.000003
   9    3    0    1    0   -0.000003
   9    3    0    1   -1   -0.000003
   9    1    1    0   -1   -0.000003
   9    5   -1   -1    2    0.000130
   9    6    0    1    1    0.000130
   9    4    1    0    1    0.000130
   9    5   -1   -1   -2    0.000130
   9    4    1    0   -3    0.000130
   9    6    0    1   -3    0.000130
   9    5    0    1    1   -0.000033
   9    4    0    1    0   -0.000033
   9    6    1    0    0   -0.000033
   9    6   -1   -1    0   -0.000032
   9    4   -1   -1    0   -0.000032
   9    5    0    1   -1   -0.000033
   9    4    0    1   -2   -0.000033
   9    6    1    0   -2   -0.000033
   9    4   -1   -1   -2   -0.000032
   9    6   -1   -1   -2   -0.000032
   9    5    1    0    1   -0.000033
   9    5    1    0   -1   -0.000033
   9    5   -2   -1    0    0.000021
   9    4    1   -1   -1    0.000020
   9    6   -1    1   -1    0.000020
   9    6    1    2   -1    0.000020
   9    4    2    1   -1    0.000020
   9    5   -1   -2    0    0.000021
   9    6    0   -1   -1    0.000009
   9    4   -1    0   -1    0.000009
   9    5    1    1    0    0.000007
   9    2   -1    0    1   -0.000000
   9    2   -1    0   -2   -0.000000
   9    1    0   -1    1   -0.000000
   9    3   -1    0    1   -0.000000
   9    1    1    1    1   -0.000000
   9    3    1    1    1   -0.000000
   9    1    0   -1   -2   -0.000000
   9    3   -1    0   -2   -0.000000
   9    1    1    1   -2   -0.000000
   9    3    1    1   -2   -0.000000
   9    2    0   -1    1   -0.000000
   9    2    0   -1   -2   -0.000000
   9    7   -1    1    1    0.000000
   9    8    1   -1    1    0.000000
   9    7   -1   -1    1    0.000000
   9    7    1    1    1    0.000000
   9    8   -1   -1    1    0.000000
   9    8    1    1    1    0.000000
   9    7   -1    1   -2    0.000000
   9    8    1   -1   -2    0.000000
   9    8    1    1   -2    0.000000
   9    7   -1   -1   -2    0.000000
   9    7    1    1   -2    0.000000
   9    8   -1   -1   -2    0.000000
   9    5   -1    0    2   -0.000041
   9    4    0   -1    1   -0.000042
   9    6   -1    0    1   -0.000042
   9    4    1    1    1   -0.000042
   9    6    1    1    1   -0.000042
   9    5   -1    0   -2   -0.000041
   9    5    0   -1    2   -0.000041
   9    4    0   -1   -3   -0.000042
   9    4    1    1   -3   -0.000042
   9    6   -1    0   -3   -0.000042
   9    6    1    1   -3   -0.000042
   9    5    0   -1   -2   -0.000041
   9    5   -2   -1    1   -0.000012
   9    5   -2   -1   -1   -0.000012
   9    4    1   -1    0   -0.000012
   9    6   -1    1    0   -0.000012
   9    4    2    1    0   -0.000013
   9    5   -1   -2    1   -0.000012
   9    6    1    2    0   -0.000013
   9    4    1   -1   -2   -0.000012
   9    6   -1    1   -2   -0.000012
   9    4    2    1   -2   -0.000013
   9    6    1    2   -2   -0.000013
   9    5   -1   -2   -1   -0.000012
   9    2    0    0    2   -0.000001
   9    1    0    0    2   -0.000001
   9    3    0    0    2   -0.000001
   9    2    0    0   -3   -0.000001
   9    1    0    0   -3   -0.000001
   9    3    0    0   -3   -0.000001
   9    6    0   -1    0    0.000007
   9    4   -1    0    0    0.000007
   9    4   -1    0   -2    0.000007
   9    6    0   -1   -2    0.000007
   9    5    1    1    1    0.000007
   9    5    1    1   -1    0.000007
