# k(0:nx, 0:ny, 0:nz) <= 5184
# nx, ny, nz
 24 24 18
#
     1   433   865  1297  1729  2161  2593  3025  3457  3889  4321  4753
   217   649  1081  1513  1945  2377  2809  3241  3673  4105  4537  4969
     1    19   451   883  1315  1747  2179  2611  3043  3475  3907  4339
  4771   235   667  1099  1531  1963  2395  2827  3259  3691  4123  4555
  4987    19    37   469   901  1333  1765  2197  2629  3061  3493  3925
  4357  4789   253   685  1117  1549  1981  2413  2845  3277  3709  4141
  4573  5005    37    55   487   919  1351  1783  2215  2647  3079  3511
  3943  4375  4807   271   703  1135  1567  1999  2431  2863  3295  3727
  4159  4591  5023    55    73   505   937  1369  1801  2233  2665  3097
  3529  3961  4393  4825   289   721  1153  1585  2017  2449  2881  3313
  3745  4177  4609  5041    73    91   523   955  1387  1819  2251  2683
  3115  3547  3979  4411  4843   307   739  1171  1603  2035  2467  2899
  3331  3763  4195  4627  5059    91   109   541   973  1405  1837  2269
  2701  3133  3565  3997  4429  4861   325   757  1189  1621  2053  2485
  2917  3349  3781  4213  4645  5077   109   127   559   991  1423  1855
  2287  2719  3151  3583  4015  4447  4879   343   775  1207  1639  2071
  2503  2935  3367  3799  4231  4663  5095   127   145   577  1009  1441
  1873  2305  2737  3169  3601  4033  4465  4897   361   793  1225  1657
  2089  2521  2953  3385  3817  4249  4681  5113   145   163   595  1027
  1459  1891  2323  2755  3187  3619  4051  4483  4915   379   811  1243
  1675  2107  2539  2971  3403  3835  4267  4699  5131   163   181   613
  1045  1477  1909  2341  2773  3205  3637  4069  4501  4933   397   829
  1261  1693  2125  2557  2989  3421  3853  4285  4717  5149   181   199
   631  1063  1495  1927  2359  2791  3223  3655  4087  4519  4951   415
   847  1279  1711  2143  2575  3007  3439  3871  4303  4735  5167   199
   217   649  1081  1513  1945  2377  2809  3241  3673  4105  4537  4969
     1   433   865  1297  1729  2161  2593  3025  3457  3889  4321  4753
   217   235   667  1099  1531  1963  2395  2827  3259  3691  4123  4555
  4987    19   451   883  1315  1747  2179  2611  3043  3475  3907  4339
  4771   235   253   685  1117  1549  1981  2413  2845  3277  3709  4141
  4573  5005    37   469   901  1333  1765  2197  2629  3061  3493  3925
  4357  4789   253   271   703  1135  1567  1999  2431  2863  3295  3727
  4159  4591  5023    55   487   919  1351  1783  2215  2647  3079  3511
  3943  4375  4807   271   289   721  1153  1585  2017  2449  2881  3313
  3745  4177  4609  5041    73   505   937  1369  1801  2233  2665  3097
  3529  3961  4393  4825   289   307   739  1171  1603  2035  2467  2899
  3331  3763  4195  4627  5059    91   523   955  1387  1819  2251  2683
  3115  3547  3979  4411  4843   307   325   757  1189  1621  2053  2485
  2917  3349  3781  4213  4645  5077   109   541   973  1405  1837  2269
  2701  3133  3565  3997  4429  4861   325   343   775  1207  1639  2071
  2503  2935  3367  3799  4231  4663  5095   127   559   991  1423  1855
  2287  2719  3151  3583  4015  4447  4879   343   361   793  1225  1657
  2089  2521  2953  3385  3817  4249  4681  5113   145   577  1009  1441
  1873  2305  2737  3169  3601  4033  4465  4897   361   379   811  1243
  1675  2107  2539  2971  3403  3835  4267  4699  5131   163   595  1027
  1459  1891  2323  2755  3187  3619  4051  4483  4915   379   397   829
  1261  1693  2125  2557  2989  3421  3853  4285  4717  5149   181   613
  1045  1477  1909  2341  2773  3205  3637  4069  4501  4933   397   415
   847  1279  1711  2143  2575  3007  3439  3871  4303  4735  5167   199
   631  1063  1495  1927  2359  2791  3223  3655  4087  4519  4951   415
     1   433   865  1297  1729  2161  2593  3025  3457  3889  4321  4753
   217   649  1081  1513  1945  2377  2809  3241  3673  4105  4537  4969
     1     2   434   866  1298  1730  2162  2594  3026  3458  3890  4322
  4754   218   650  1082  1514  1946  2378  2810  3242  3674  4106  4538
  4970     2    20   452   884  1316  1748  2180  2612  3044  3476  3908
  4340  4772   236   668  1100  1532  1964  2396  2828  3260  3692  4124
  4556  4988    20    38   470   902  1334  1766  2198  2630  3062  3494
  3926  4358  4790   254   686  1118  1550  1982  2414  2846  3278  3710
  4142  4574  5006    38    56   488   920  1352  1784  2216  2648  3080
  3512  3944  4376  4808   272   704  1136  1568  2000  2432  2864  3296
  3728  4160  4592  5024    56    74   506   938  1370  1802  2234  2666
  3098  3530  3962  4394  4826   290   722  1154  1586  2018  2450  2882
  3314  3746  4178  4610  5042    74    92   524   956  1388  1820  2252
  2684  3116  3548  3980  4412  4844   308   740  1172  1604  2036  2468
  2900  3332  3764  4196  4628  5060    92   110   542   974  1406  1838
  2270  2702  3134  3566  3998  4430  4862   326   758  1190  1622  2054
  2486  2918  3350  3782  4214  4646  5078   110   128   560   992  1424
  1856  2288  2720  3152  3584  4016  4448  4880   344   776  1208  1640
  2072  2504  2936  3368  3800  4232  4664  5096   128   146   578  1010
  1442  1874  2306  2738  3170  3602  4034  4466  4898   362   794  1226
  1658  2090  2522  2954  3386  3818  4250  4682  5114   146   164   596
  1028  1460  1892  2324  2756  3188  3620  4052  4484  4916   380   812
  1244  1676  2108  2540  2972  3404  3836  4268  4700  5132   164   182
   614  1046  1478  1910  2342  2774  3206  3638  4070  4502  4934   398
   830  1262  1694  2126  2558  2990  3422  3854  4286  4718  5150   182
   200   632  1064  1496  1928  2360  2792  3224  3656  4088  4520  4952
   416   848  1280  1712  2144  2576  3008  3440  3872  4304  4736  5168
   200   218   650  1082  1514  1946  2378  2810  3242  3674  4106  4538
  4970     2   434   866  1298  1730  2162  2594  3026  3458  3890  4322
  4754   218   236   668  1100  1532  1964  2396  2828  3260  3692  4124
  4556  4988    20   452   884  1316  1748  2180  2612  3044  3476  3908
  4340  4772   236   254   686  1118  1550  1982  2414  2846  3278  3710
  4142  4574  5006    38   470   902  1334  1766  2198  2630  3062  3494
  3926  4358  4790   254   272   704  1136  1568  2000  2432  2864  3296
  3728  4160  4592  5024    56   488   920  1352  1784  2216  2648  3080
  3512  3944  4376  4808   272   290   722  1154  1586  2018  2450  2882
  3314  3746  4178  4610  5042    74   506   938  1370  1802  2234  2666
  3098  3530  3962  4394  4826   290   308   740  1172  1604  2036  2468
  2900  3332  3764  4196  4628  5060    92   524   956  1388  1820  2252
  2684  3116  3548  3980  4412  4844   308   326   758  1190  1622  2054
  2486  2918  3350  3782  4214  4646  5078   110   542   974  1406  1838
  2270  2702  3134  3566  3998  4430  4862   326   344   776  1208  1640
  2072  2504  2936  3368  3800  4232  4664  5096   128   560   992  1424
  1856  2288  2720  3152  3584  4016  4448  4880   344   362   794  1226
  1658  2090  2522  2954  3386  3818  4250  4682  5114   146   578  1010
  1442  1874  2306  2738  3170  3602  4034  4466  4898   362   380   812
  1244  1676  2108  2540  2972  3404  3836  4268  4700  5132   164   596
  1028  1460  1892  2324  2756  3188  3620  4052  4484  4916   380   398
   830  1262  1694  2126  2558  2990  3422  3854  4286  4718  5150   182
   614  1046  1478  1910  2342  2774  3206  3638  4070  4502  4934   398
   416   848  1280  1712  2144  2576  3008  3440  3872  4304  4736  5168
   200   632  1064  1496  1928  2360  2792  3224  3656  4088  4520  4952
   416     2   434   866  1298  1730  2162  2594  3026  3458  3890  4322
  4754   218   650  1082  1514  1946  2378  2810  3242  3674  4106  4538
  4970     2     3   435   867  1299  1731  2163  2595  3027  3459  3891
  4323  4755   219   651  1083  1515  1947  2379  2811  3243  3675  4107
  4539  4971     3    21   453   885  1317  1749  2181  2613  3045  3477
  3909  4341  4773   237   669  1101  1533  1965  2397  2829  3261  3693
  4125  4557  4989    21    39   471   903  1335  1767  2199  2631  3063
  3495  3927  4359  4791   255   687  1119  1551  1983  2415  2847  3279
  3711  4143  4575  5007    39    57   489   921  1353  1785  2217  2649
  3081  3513  3945  4377  4809   273   705  1137  1569  2001  2433  2865
  3297  3729  4161  4593  5025    57    75   507   939  1371  1803  2235
  2667  3099  3531  3963  4395  4827   291   723  1155  1587  2019  2451
  2883  3315  3747  4179  4611  5043    75    93   525   957  1389  1821
  2253  2685  3117  3549  3981  4413  4845   309   741  1173  1605  2037
  2469  2901  3333  3765  4197  4629  5061    93   111   543   975  1407
  1839  2271  2703  3135  3567  3999  4431  4863   327   759  1191  1623
  2055  2487  2919  3351  3783  4215  4647  5079   111   129   561   993
  1425  1857  2289  2721  3153  3585  4017  4449  4881   345   777  1209
  1641  2073  2505  2937  3369  3801  4233  4665  5097   129   147   579
  1011  1443  1875  2307  2739  3171  3603  4035  4467  4899   363   795
  1227  1659  2091  2523  2955  3387  3819  4251  4683  5115   147   165
   597  1029  1461  1893  2325  2757  3189  3621  4053  4485  4917   381
   813  1245  1677  2109  2541  2973  3405  3837  4269  4701  5133   165
   183   615  1047  1479  1911  2343  2775  3207  3639  4071  4503  4935
   399   831  1263  1695  2127  2559  2991  3423  3855  4287  4719  5151
   183   201   633  1065  1497  1929  2361  2793  3225  3657  4089  4521
  4953   417   849  1281  1713  2145  2577  3009  3441  3873  4305  4737
  5169   201   219   651  1083  1515  1947  2379  2811  3243  3675  4107
  4539  4971     3   435   867  1299  1731  2163  2595  3027  3459  3891
  4323  4755   219   237   669  1101  1533  1965  2397  2829  3261  3693
  4125  4557  4989    21   453   885  1317  1749  2181  2613  3045  3477
  3909  4341  4773   237   255   687  1119  1551  1983  2415  2847  3279
  3711  4143  4575  5007    39   471   903  1335  1767  2199  2631  3063
  3495  3927  4359  4791   255   273   705  1137  1569  2001  2433  2865
  3297  3729  4161  4593  5025    57   489   921  1353  1785  2217  2649
  3081  3513  3945  4377  4809   273   291   723  1155  1587  2019  2451
  2883  3315  3747  4179  4611  5043    75   507   939  1371  1803  2235
  2667  3099  3531  3963  4395  4827   291   309   741  1173  1605  2037
  2469  2901  3333  3765  4197  4629  5061    93   525   957  1389  1821
  2253  2685  3117  3549  3981  4413  4845   309   327   759  1191  1623
  2055  2487  2919  3351  3783  4215  4647  5079   111   543   975  1407
  1839  2271  2703  3135  3567  3999  4431  4863   327   345   777  1209
  1641  2073  2505  2937  3369  3801  4233  4665  5097   129   561   993
  1425  1857  2289  2721  3153  3585  4017  4449  4881   345   363   795
  1227  1659  2091  2523  2955  3387  3819  4251  4683  5115   147   579
  1011  1443  1875  2307  2739  3171  3603  4035  4467  4899   363   381
   813  1245  1677  2109  2541  2973  3405  3837  4269  4701  5133   165
   597  1029  1461  1893  2325  2757  3189  3621  4053  4485  4917   381
   399   831  1263  1695  2127  2559  2991  3423  3855  4287  4719  5151
   183   615  1047  1479  1911  2343  2775  3207  3639  4071  4503  4935
   399   417   849  1281  1713  2145  2577  3009  3441  3873  4305  4737
  5169   201   633  1065  1497  1929  2361  2793  3225  3657  4089  4521
  4953   417     3   435   867  1299  1731  2163  2595  3027  3459  3891
  4323  4755   219   651  1083  1515  1947  2379  2811  3243  3675  4107
  4539  4971     3     4   436   868  1300  1732  2164  2596  3028  3460
  3892  4324  4756   220   652  1084  1516  1948  2380  2812  3244  3676
  4108  4540  4972     4    22   454   886  1318  1750  2182  2614  3046
  3478  3910  4342  4774   238   670  1102  1534  1966  2398  2830  3262
  3694  4126  4558  4990    22    40   472   904  1336  1768  2200  2632
  3064  3496  3928  4360  4792   256   688  1120  1552  1984  2416  2848
  3280  3712  4144  4576  5008    40    58   490   922  1354  1786  2218
  2650  3082  3514  3946  4378  4810   274   706  1138  1570  2002  2434
  2866  3298  3730  4162  4594  5026    58    76   508   940  1372  1804
  2236  2668  3100  3532  3964  4396  4828   292   724  1156  1588  2020
  2452  2884  3316  3748  4180  4612  5044    76    94   526   958  1390
  1822  2254  2686  3118  3550  3982  4414  4846   310   742  1174  1606
  2038  2470  2902  3334  3766  4198  4630  5062    94   112   544   976
  1408  1840  2272  2704  3136  3568  4000  4432  4864   328   760  1192
  1624  2056  2488  2920  3352  3784  4216  4648  5080   112   130   562
   994  1426  1858  2290  2722  3154  3586  4018  4450  4882   346   778
  1210  1642  2074  2506  2938  3370  3802  4234  4666  5098   130   148
   580  1012  1444  1876  2308  2740  3172  3604  4036  4468  4900   364
   796  1228  1660  2092  2524  2956  3388  3820  4252  4684  5116   148
   166   598  1030  1462  1894  2326  2758  3190  3622  4054  4486  4918
   382   814  1246  1678  2110  2542  2974  3406  3838  4270  4702  5134
   166   184   616  1048  1480  1912  2344  2776  3208  3640  4072  4504
  4936   400   832  1264  1696  2128  2560  2992  3424  3856  4288  4720
  5152   184   202   634  1066  1498  1930  2362  2794  3226  3658  4090
  4522  4954   418   850  1282  1714  2146  2578  3010  3442  3874  4306
  4738  5170   202   220   652  1084  1516  1948  2380  2812  3244  3676
  4108  4540  4972     4   436   868  1300  1732  2164  2596  3028  3460
  3892  4324  4756   220   238   670  1102  1534  1966  2398  2830  3262
  3694  4126  4558  4990    22   454   886  1318  1750  2182  2614  3046
  3478  3910  4342  4774   238   256   688  1120  1552  1984  2416  2848
  3280  3712  4144  4576  5008    40   472   904  1336  1768  2200  2632
  3064  3496  3928  4360  4792   256   274   706  1138  1570  2002  2434
  2866  3298  3730  4162  4594  5026    58   490   922  1354  1786  2218
  2650  3082  3514  3946  4378  4810   274   292   724  1156  1588  2020
  2452  2884  3316  3748  4180  4612  5044    76   508   940  1372  1804
  2236  2668  3100  3532  3964  4396  4828   292   310   742  1174  1606
  2038  2470  2902  3334  3766  4198  4630  5062    94   526   958  1390
  1822  2254  2686  3118  3550  3982  4414  4846   310   328   760  1192
  1624  2056  2488  2920  3352  3784  4216  4648  5080   112   544   976
  1408  1840  2272  2704  3136  3568  4000  4432  4864   328   346   778
  1210  1642  2074  2506  2938  3370  3802  4234  4666  5098   130   562
   994  1426  1858  2290  2722  3154  3586  4018  4450  4882   346   364
   796  1228  1660  2092  2524  2956  3388  3820  4252  4684  5116   148
   580  1012  1444  1876  2308  2740  3172  3604  4036  4468  4900   364
   382   814  1246  1678  2110  2542  2974  3406  3838  4270  4702  5134
   166   598  1030  1462  1894  2326  2758  3190  3622  4054  4486  4918
   382   400   832  1264  1696  2128  2560  2992  3424  3856  4288  4720
  5152   184   616  1048  1480  1912  2344  2776  3208  3640  4072  4504
  4936   400   418   850  1282  1714  2146  2578  3010  3442  3874  4306
  4738  5170   202   634  1066  1498  1930  2362  2794  3226  3658  4090
  4522  4954   418     4   436   868  1300  1732  2164  2596  3028  3460
  3892  4324  4756   220   652  1084  1516  1948  2380  2812  3244  3676
  4108  4540  4972     4     5   437   869  1301  1733  2165  2597  3029
  3461  3893  4325  4757   221   653  1085  1517  1949  2381  2813  3245
  3677  4109  4541  4973     5    23   455   887  1319  1751  2183  2615
  3047  3479  3911  4343  4775   239   671  1103  1535  1967  2399  2831
  3263  3695  4127  4559  4991    23    41   473   905  1337  1769  2201
  2633  3065  3497  3929  4361  4793   257   689  1121  1553  1985  2417
  2849  3281  3713  4145  4577  5009    41    59   491   923  1355  1787
  2219  2651  3083  3515  3947  4379  4811   275   707  1139  1571  2003
  2435  2867  3299  3731  4163  4595  5027    59    77   509   941  1373
  1805  2237  2669  3101  3533  3965  4397  4829   293   725  1157  1589
  2021  2453  2885  3317  3749  4181  4613  5045    77    95   527   959
  1391  1823  2255  2687  3119  3551  3983  4415  4847   311   743  1175
  1607  2039  2471  2903  3335  3767  4199  4631  5063    95   113   545
   977  1409  1841  2273  2705  3137  3569  4001  4433  4865   329   761
  1193  1625  2057  2489  2921  3353  3785  4217  4649  5081   113   131
   563   995  1427  1859  2291  2723  3155  3587  4019  4451  4883   347
   779  1211  1643  2075  2507  2939  3371  3803  4235  4667  5099   131
   149   581  1013  1445  1877  2309  2741  3173  3605  4037  4469  4901
   365   797  1229  1661  2093  2525  2957  3389  3821  4253  4685  5117
   149   167   599  1031  1463  1895  2327  2759  3191  3623  4055  4487
  4919   383   815  1247  1679  2111  2543  2975  3407  3839  4271  4703
  5135   167   185   617  1049  1481  1913  2345  2777  3209  3641  4073
  4505  4937   401   833  1265  1697  2129  2561  2993  3425  3857  4289
  4721  5153   185   203   635  1067  1499  1931  2363  2795  3227  3659
  4091  4523  4955   419   851  1283  1715  2147  2579  3011  3443  3875
  4307  4739  5171   203   221   653  1085  1517  1949  2381  2813  3245
  3677  4109  4541  4973     5   437   869  1301  1733  2165  2597  3029
  3461  3893  4325  4757   221   239   671  1103  1535  1967  2399  2831
  3263  3695  4127  4559  4991    23   455   887  1319  1751  2183  2615
  3047  3479  3911  4343  4775   239   257   689  1121  1553  1985  2417
  2849  3281  3713  4145  4577  5009    41   473   905  1337  1769  2201
  2633  3065  3497  3929  4361  4793   257   275   707  1139  1571  2003
  2435  2867  3299  3731  4163  4595  5027    59   491   923  1355  1787
  2219  2651  3083  3515  3947  4379  4811   275   293   725  1157  1589
  2021  2453  2885  3317  3749  4181  4613  5045    77   509   941  1373
  1805  2237  2669  3101  3533  3965  4397  4829   293   311   743  1175
  1607  2039  2471  2903  3335  3767  4199  4631  5063    95   527   959
  1391  1823  2255  2687  3119  3551  3983  4415  4847   311   329   761
  1193  1625  2057  2489  2921  3353  3785  4217  4649  5081   113   545
   977  1409  1841  2273  2705  3137  3569  4001  4433  4865   329   347
   779  1211  1643  2075  2507  2939  3371  3803  4235  4667  5099   131
   563   995  1427  1859  2291  2723  3155  3587  4019  4451  4883   347
   365   797  1229  1661  2093  2525  2957  3389  3821  4253  4685  5117
   149   581  1013  1445  1877  2309  2741  3173  3605  4037  4469  4901
   365   383   815  1247  1679  2111  2543  2975  3407  3839  4271  4703
  5135   167   599  1031  1463  1895  2327  2759  3191  3623  4055  4487
  4919   383   401   833  1265  1697  2129  2561  2993  3425  3857  4289
  4721  5153   185   617  1049  1481  1913  2345  2777  3209  3641  4073
  4505  4937   401   419   851  1283  1715  2147  2579  3011  3443  3875
  4307  4739  5171   203   635  1067  1499  1931  2363  2795  3227  3659
  4091  4523  4955   419     5   437   869  1301  1733  2165  2597  3029
  3461  3893  4325  4757   221   653  1085  1517  1949  2381  2813  3245
  3677  4109  4541  4973     5     6   438   870  1302  1734  2166  2598
  3030  3462  3894  4326  4758   222   654  1086  1518  1950  2382  2814
  3246  3678  4110  4542  4974     6    24   456   888  1320  1752  2184
  2616  3048  3480  3912  4344  4776   240   672  1104  1536  1968  2400
  2832  3264  3696  4128  4560  4992    24    42   474   906  1338  1770
  2202  2634  3066  3498  3930  4362  4794   258   690  1122  1554  1986
  2418  2850  3282  3714  4146  4578  5010    42    60   492   924  1356
  1788  2220  2652  3084  3516  3948  4380  4812   276   708  1140  1572
  2004  2436  2868  3300  3732  4164  4596  5028    60    78   510   942
  1374  1806  2238  2670  3102  3534  3966  4398  4830   294   726  1158
  1590  2022  2454  2886  3318  3750  4182  4614  5046    78    96   528
   960  1392  1824  2256  2688  3120  3552  3984  4416  4848   312   744
  1176  1608  2040  2472  2904  3336  3768  4200  4632  5064    96   114
   546   978  1410  1842  2274  2706  3138  3570  4002  4434  4866   330
   762  1194  1626  2058  2490  2922  3354  3786  4218  4650  5082   114
   132   564   996  1428  1860  2292  2724  3156  3588  4020  4452  4884
   348   780  1212  1644  2076  2508  2940  3372  3804  4236  4668  5100
   132   150   582  1014  1446  1878  2310  2742  3174  3606  4038  4470
  4902   366   798  1230  1662  2094  2526  2958  3390  3822  4254  4686
  5118   150   168   600  1032  1464  1896  2328  2760  3192  3624  4056
  4488  4920   384   816  1248  1680  2112  2544  2976  3408  3840  4272
  4704  5136   168   186   618  1050  1482  1914  2346  2778  3210  3642
  4074  4506  4938   402   834  1266  1698  2130  2562  2994  3426  3858
  4290  4722  5154   186   204   636  1068  1500  1932  2364  2796  3228
  3660  4092  4524  4956   420   852  1284  1716  2148  2580  3012  3444
  3876  4308  4740  5172   204   222   654  1086  1518  1950  2382  2814
  3246  3678  4110  4542  4974     6   438   870  1302  1734  2166  2598
  3030  3462  3894  4326  4758   222   240   672  1104  1536  1968  2400
  2832  3264  3696  4128  4560  4992    24   456   888  1320  1752  2184
  2616  3048  3480  3912  4344  4776   240   258   690  1122  1554  1986
  2418  2850  3282  3714  4146  4578  5010    42   474   906  1338  1770
  2202  2634  3066  3498  3930  4362  4794   258   276   708  1140  1572
  2004  2436  2868  3300  3732  4164  4596  5028    60   492   924  1356
  1788  2220  2652  3084  3516  3948  4380  4812   276   294   726  1158
  1590  2022  2454  2886  3318  3750  4182  4614  5046    78   510   942
  1374  1806  2238  2670  3102  3534  3966  4398  4830   294   312   744
  1176  1608  2040  2472  2904  3336  3768  4200  4632  5064    96   528
   960  1392  1824  2256  2688  3120  3552  3984  4416  4848   312   330
   762  1194  1626  2058  2490  2922  3354  3786  4218  4650  5082   114
   546   978  1410  1842  2274  2706  3138  3570  4002  4434  4866   330
   348   780  1212  1644  2076  2508  2940  3372  3804  4236  4668  5100
   132   564   996  1428  1860  2292  2724  3156  3588  4020  4452  4884
   348   366   798  1230  1662  2094  2526  2958  3390  3822  4254  4686
  5118   150   582  1014  1446  1878  2310  2742  3174  3606  4038  4470
  4902   366   384   816  1248  1680  2112  2544  2976  3408  3840  4272
  4704  5136   168   600  1032  1464  1896  2328  2760  3192  3624  4056
  4488  4920   384   402   834  1266  1698  2130  2562  2994  3426  3858
  4290  4722  5154   186   618  1050  1482  1914  2346  2778  3210  3642
  4074  4506  4938   402   420   852  1284  1716  2148  2580  3012  3444
  3876  4308  4740  5172   204   636  1068  1500  1932  2364  2796  3228
  3660  4092  4524  4956   420     6   438   870  1302  1734  2166  2598
  3030  3462  3894  4326  4758   222   654  1086  1518  1950  2382  2814
  3246  3678  4110  4542  4974     6     7   439   871  1303  1735  2167
  2599  3031  3463  3895  4327  4759   223   655  1087  1519  1951  2383
  2815  3247  3679  4111  4543  4975     7    25   457   889  1321  1753
  2185  2617  3049  3481  3913  4345  4777   241   673  1105  1537  1969
  2401  2833  3265  3697  4129  4561  4993    25    43   475   907  1339
  1771  2203  2635  3067  3499  3931  4363  4795   259   691  1123  1555
  1987  2419  2851  3283  3715  4147  4579  5011    43    61   493   925
  1357  1789  2221  2653  3085  3517  3949  4381  4813   277   709  1141
  1573  2005  2437  2869  3301  3733  4165  4597  5029    61    79   511
   943  1375  1807  2239  2671  3103  3535  3967  4399  4831   295   727
  1159  1591  2023  2455  2887  3319  3751  4183  4615  5047    79    97
   529   961  1393  1825  2257  2689  3121  3553  3985  4417  4849   313
   745  1177  1609  2041  2473  2905  3337  3769  4201  4633  5065    97
   115   547   979  1411  1843  2275  2707  3139  3571  4003  4435  4867
   331   763  1195  1627  2059  2491  2923  3355  3787  4219  4651  5083
   115   133   565   997  1429  1861  2293  2725  3157  3589  4021  4453
  4885   349   781  1213  1645  2077  2509  2941  3373  3805  4237  4669
  5101   133   151   583  1015  1447  1879  2311  2743  3175  3607  4039
  4471  4903   367   799  1231  1663  2095  2527  2959  3391  3823  4255
  4687  5119   151   169   601  1033  1465  1897  2329  2761  3193  3625
  4057  4489  4921   385   817  1249  1681  2113  2545  2977  3409  3841
  4273  4705  5137   169   187   619  1051  1483  1915  2347  2779  3211
  3643  4075  4507  4939   403   835  1267  1699  2131  2563  2995  3427
  3859  4291  4723  5155   187   205   637  1069  1501  1933  2365  2797
  3229  3661  4093  4525  4957   421   853  1285  1717  2149  2581  3013
  3445  3877  4309  4741  5173   205   223   655  1087  1519  1951  2383
  2815  3247  3679  4111  4543  4975     7   439   871  1303  1735  2167
  2599  3031  3463  3895  4327  4759   223   241   673  1105  1537  1969
  2401  2833  3265  3697  4129  4561  4993    25   457   889  1321  1753
  2185  2617  3049  3481  3913  4345  4777   241   259   691  1123  1555
  1987  2419  2851  3283  3715  4147  4579  5011    43   475   907  1339
  1771  2203  2635  3067  3499  3931  4363  4795   259   277   709  1141
  1573  2005  2437  2869  3301  3733  4165  4597  5029    61   493   925
  1357  1789  2221  2653  3085  3517  3949  4381  4813   277   295   727
  1159  1591  2023  2455  2887  3319  3751  4183  4615  5047    79   511
   943  1375  1807  2239  2671  3103  3535  3967  4399  4831   295   313
   745  1177  1609  2041  2473  2905  3337  3769  4201  4633  5065    97
   529   961  1393  1825  2257  2689  3121  3553  3985  4417  4849   313
   331   763  1195  1627  2059  2491  2923  3355  3787  4219  4651  5083
   115   547   979  1411  1843  2275  2707  3139  3571  4003  4435  4867
   331   349   781  1213  1645  2077  2509  2941  3373  3805  4237  4669
  5101   133   565   997  1429  1861  2293  2725  3157  3589  4021  4453
  4885   349   367   799  1231  1663  2095  2527  2959  3391  3823  4255
  4687  5119   151   583  1015  1447  1879  2311  2743  3175  3607  4039
  4471  4903   367   385   817  1249  1681  2113  2545  2977  3409  3841
  4273  4705  5137   169   601  1033  1465  1897  2329  2761  3193  3625
  4057  4489  4921   385   403   835  1267  1699  2131  2563  2995  3427
  3859  4291  4723  5155   187   619  1051  1483  1915  2347  2779  3211
  3643  4075  4507  4939   403   421   853  1285  1717  2149  2581  3013
  3445  3877  4309  4741  5173   205   637  1069  1501  1933  2365  2797
  3229  3661  4093  4525  4957   421     7   439   871  1303  1735  2167
  2599  3031  3463  3895  4327  4759   223   655  1087  1519  1951  2383
  2815  3247  3679  4111  4543  4975     7     8   440   872  1304  1736
  2168  2600  3032  3464  3896  4328  4760   224   656  1088  1520  1952
  2384  2816  3248  3680  4112  4544  4976     8    26   458   890  1322
  1754  2186  2618  3050  3482  3914  4346  4778   242   674  1106  1538
  1970  2402  2834  3266  3698  4130  4562  4994    26    44   476   908
  1340  1772  2204  2636  3068  3500  3932  4364  4796   260   692  1124
  1556  1988  2420  2852  3284  3716  4148  4580  5012    44    62   494
   926  1358  1790  2222  2654  3086  3518  3950  4382  4814   278   710
  1142  1574  2006  2438  2870  3302  3734  4166  4598  5030    62    80
   512   944  1376  1808  2240  2672  3104  3536  3968  4400  4832   296
   728  1160  1592  2024  2456  2888  3320  3752  4184  4616  5048    80
    98   530   962  1394  1826  2258  2690  3122  3554  3986  4418  4850
   314   746  1178  1610  2042  2474  2906  3338  3770  4202  4634  5066
    98   116   548   980  1412  1844  2276  2708  3140  3572  4004  4436
  4868   332   764  1196  1628  2060  2492  2924  3356  3788  4220  4652
  5084   116   134   566   998  1430  1862  2294  2726  3158  3590  4022
  4454  4886   350   782  1214  1646  2078  2510  2942  3374  3806  4238
  4670  5102   134   152   584  1016  1448  1880  2312  2744  3176  3608
  4040  4472  4904   368   800  1232  1664  2096  2528  2960  3392  3824
  4256  4688  5120   152   170   602  1034  1466  1898  2330  2762  3194
  3626  4058  4490  4922   386   818  1250  1682  2114  2546  2978  3410
  3842  4274  4706  5138   170   188   620  1052  1484  1916  2348  2780
  3212  3644  4076  4508  4940   404   836  1268  1700  2132  2564  2996
  3428  3860  4292  4724  5156   188   206   638  1070  1502  1934  2366
  2798  3230  3662  4094  4526  4958   422   854  1286  1718  2150  2582
  3014  3446  3878  4310  4742  5174   206   224   656  1088  1520  1952
  2384  2816  3248  3680  4112  4544  4976     8   440   872  1304  1736
  2168  2600  3032  3464  3896  4328  4760   224   242   674  1106  1538
  1970  2402  2834  3266  3698  4130  4562  4994    26   458   890  1322
  1754  2186  2618  3050  3482  3914  4346  4778   242   260   692  1124
  1556  1988  2420  2852  3284  3716  4148  4580  5012    44   476   908
  1340  1772  2204  2636  3068  3500  3932  4364  4796   260   278   710
  1142  1574  2006  2438  2870  3302  3734  4166  4598  5030    62   494
   926  1358  1790  2222  2654  3086  3518  3950  4382  4814   278   296
   728  1160  1592  2024  2456  2888  3320  3752  4184  4616  5048    80
   512   944  1376  1808  2240  2672  3104  3536  3968  4400  4832   296
   314   746  1178  1610  2042  2474  2906  3338  3770  4202  4634  5066
    98   530   962  1394  1826  2258  2690  3122  3554  3986  4418  4850
   314   332   764  1196  1628  2060  2492  2924  3356  3788  4220  4652
  5084   116   548   980  1412  1844  2276  2708  3140  3572  4004  4436
  4868   332   350   782  1214  1646  2078  2510  2942  3374  3806  4238
  4670  5102   134   566   998  1430  1862  2294  2726  3158  3590  4022
  4454  4886   350   368   800  1232  1664  2096  2528  2960  3392  3824
  4256  4688  5120   152   584  1016  1448  1880  2312  2744  3176  3608
  4040  4472  4904   368   386   818  1250  1682  2114  2546  2978  3410
  3842  4274  4706  5138   170   602  1034  1466  1898  2330  2762  3194
  3626  4058  4490  4922   386   404   836  1268  1700  2132  2564  2996
  3428  3860  4292  4724  5156   188   620  1052  1484  1916  2348  2780
  3212  3644  4076  4508  4940   404   422   854  1286  1718  2150  2582
  3014  3446  3878  4310  4742  5174   206   638  1070  1502  1934  2366
  2798  3230  3662  4094  4526  4958   422     8   440   872  1304  1736
  2168  2600  3032  3464  3896  4328  4760   224   656  1088  1520  1952
  2384  2816  3248  3680  4112  4544  4976     8     9   441   873  1305
  1737  2169  2601  3033  3465  3897  4329  4761   225   657  1089  1521
  1953  2385  2817  3249  3681  4113  4545  4977     9    27   459   891
  1323  1755  2187  2619  3051  3483  3915  4347  4779   243   675  1107
  1539  1971  2403  2835  3267  3699  4131  4563  4995    27    45   477
   909  1341  1773  2205  2637  3069  3501  3933  4365  4797   261   693
  1125  1557  1989  2421  2853  3285  3717  4149  4581  5013    45    63
   495   927  1359  1791  2223  2655  3087  3519  3951  4383  4815   279
   711  1143  1575  2007  2439  2871  3303  3735  4167  4599  5031    63
    81   513   945  1377  1809  2241  2673  3105  3537  3969  4401  4833
   297   729  1161  1593  2025  2457  2889  3321  3753  4185  4617  5049
    81    99   531   963  1395  1827  2259  2691  3123  3555  3987  4419
  4851   315   747  1179  1611  2043  2475  2907  3339  3771  4203  4635
  5067    99   117   549   981  1413  1845  2277  2709  3141  3573  4005
  4437  4869   333   765  1197  1629  2061  2493  2925  3357  3789  4221
  4653  5085   117   135   567   999  1431  1863  2295  2727  3159  3591
  4023  4455  4887   351   783  1215  1647  2079  2511  2943  3375  3807
  4239  4671  5103   135   153   585  1017  1449  1881  2313  2745  3177
  3609  4041  4473  4905   369   801  1233  1665  2097  2529  2961  3393
  3825  4257  4689  5121   153   171   603  1035  1467  1899  2331  2763
  3195  3627  4059  4491  4923   387   819  1251  1683  2115  2547  2979
  3411  3843  4275  4707  5139   171   189   621  1053  1485  1917  2349
  2781  3213  3645  4077  4509  4941   405   837  1269  1701  2133  2565
  2997  3429  3861  4293  4725  5157   189   207   639  1071  1503  1935
  2367  2799  3231  3663  4095  4527  4959   423   855  1287  1719  2151
  2583  3015  3447  3879  4311  4743  5175   207   225   657  1089  1521
  1953  2385  2817  3249  3681  4113  4545  4977     9   441   873  1305
  1737  2169  2601  3033  3465  3897  4329  4761   225   243   675  1107
  1539  1971  2403  2835  3267  3699  4131  4563  4995    27   459   891
  1323  1755  2187  2619  3051  3483  3915  4347  4779   243   261   693
  1125  1557  1989  2421  2853  3285  3717  4149  4581  5013    45   477
   909  1341  1773  2205  2637  3069  3501  3933  4365  4797   261   279
   711  1143  1575  2007  2439  2871  3303  3735  4167  4599  5031    63
   495   927  1359  1791  2223  2655  3087  3519  3951  4383  4815   279
   297   729  1161  1593  2025  2457  2889  3321  3753  4185  4617  5049
    81   513   945  1377  1809  2241  2673  3105  3537  3969  4401  4833
   297   315   747  1179  1611  2043  2475  2907  3339  3771  4203  4635
  5067    99   531   963  1395  1827  2259  2691  3123  3555  3987  4419
  4851   315   333   765  1197  1629  2061  2493  2925  3357  3789  4221
  4653  5085   117   549   981  1413  1845  2277  2709  3141  3573  4005
  4437  4869   333   351   783  1215  1647  2079  2511  2943  3375  3807
  4239  4671  5103   135   567   999  1431  1863  2295  2727  3159  3591
  4023  4455  4887   351   369   801  1233  1665  2097  2529  2961  3393
  3825  4257  4689  5121   153   585  1017  1449  1881  2313  2745  3177
  3609  4041  4473  4905   369   387   819  1251  1683  2115  2547  2979
  3411  3843  4275  4707  5139   171   603  1035  1467  1899  2331  2763
  3195  3627  4059  4491  4923   387   405   837  1269  1701  2133  2565
  2997  3429  3861  4293  4725  5157   189   621  1053  1485  1917  2349
  2781  3213  3645  4077  4509  4941   405   423   855  1287  1719  2151
  2583  3015  3447  3879  4311  4743  5175   207   639  1071  1503  1935
  2367  2799  3231  3663  4095  4527  4959   423     9   441   873  1305
  1737  2169  2601  3033  3465  3897  4329  4761   225   657  1089  1521
  1953  2385  2817  3249  3681  4113  4545  4977     9    10   442   874
  1306  1738  2170  2602  3034  3466  3898  4330  4762   226   658  1090
  1522  1954  2386  2818  3250  3682  4114  4546  4978    10    28   460
   892  1324  1756  2188  2620  3052  3484  3916  4348  4780   244   676
  1108  1540  1972  2404  2836  3268  3700  4132  4564  4996    28    46
   478   910  1342  1774  2206  2638  3070  3502  3934  4366  4798   262
   694  1126  1558  1990  2422  2854  3286  3718  4150  4582  5014    46
    64   496   928  1360  1792  2224  2656  3088  3520  3952  4384  4816
   280   712  1144  1576  2008  2440  2872  3304  3736  4168  4600  5032
    64    82   514   946  1378  1810  2242  2674  3106  3538  3970  4402
  4834   298   730  1162  1594  2026  2458  2890  3322  3754  4186  4618
  5050    82   100   532   964  1396  1828  2260  2692  3124  3556  3988
  4420  4852   316   748  1180  1612  2044  2476  2908  3340  3772  4204
  4636  5068   100   118   550   982  1414  1846  2278  2710  3142  3574
  4006  4438  4870   334   766  1198  1630  2062  2494  2926  3358  3790
  4222  4654  5086   118   136   568  1000  1432  1864  2296  2728  3160
  3592  4024  4456  4888   352   784  1216  1648  2080  2512  2944  3376
  3808  4240  4672  5104   136   154   586  1018  1450  1882  2314  2746
  3178  3610  4042  4474  4906   370   802  1234  1666  2098  2530  2962
  3394  3826  4258  4690  5122   154   172   604  1036  1468  1900  2332
  2764  3196  3628  4060  4492  4924   388   820  1252  1684  2116  2548
  2980  3412  3844  4276  4708  5140   172   190   622  1054  1486  1918
  2350  2782  3214  3646  4078  4510  4942   406   838  1270  1702  2134
  2566  2998  3430  3862  4294  4726  5158   190   208   640  1072  1504
  1936  2368  2800  3232  3664  4096  4528  4960   424   856  1288  1720
  2152  2584  3016  3448  3880  4312  4744  5176   208   226   658  1090
  1522  1954  2386  2818  3250  3682  4114  4546  4978    10   442   874
  1306  1738  2170  2602  3034  3466  3898  4330  4762   226   244   676
  1108  1540  1972  2404  2836  3268  3700  4132  4564  4996    28   460
   892  1324  1756  2188  2620  3052  3484  3916  4348  4780   244   262
   694  1126  1558  1990  2422  2854  3286  3718  4150  4582  5014    46
   478   910  1342  1774  2206  2638  3070  3502  3934  4366  4798   262
   280   712  1144  1576  2008  2440  2872  3304  3736  4168  4600  5032
    64   496   928  1360  1792  2224  2656  3088  3520  3952  4384  4816
   280   298   730  1162  1594  2026  2458  2890  3322  3754  4186  4618
  5050    82   514   946  1378  1810  2242  2674  3106  3538  3970  4402
  4834   298   316   748  1180  1612  2044  2476  2908  3340  3772  4204
  4636  5068   100   532   964  1396  1828  2260  2692  3124  3556  3988
  4420  4852   316   334   766  1198  1630  2062  2494  2926  3358  3790
  4222  4654  5086   118   550   982  1414  1846  2278  2710  3142  3574
  4006  4438  4870   334   352   784  1216  1648  2080  2512  2944  3376
  3808  4240  4672  5104   136   568  1000  1432  1864  2296  2728  3160
  3592  4024  4456  4888   352   370   802  1234  1666  2098  2530  2962
  3394  3826  4258  4690  5122   154   586  1018  1450  1882  2314  2746
  3178  3610  4042  4474  4906   370   388   820  1252  1684  2116  2548
  2980  3412  3844  4276  4708  5140   172   604  1036  1468  1900  2332
  2764  3196  3628  4060  4492  4924   388   406   838  1270  1702  2134
  2566  2998  3430  3862  4294  4726  5158   190   622  1054  1486  1918
  2350  2782  3214  3646  4078  4510  4942   406   424   856  1288  1720
  2152  2584  3016  3448  3880  4312  4744  5176   208   640  1072  1504
  1936  2368  2800  3232  3664  4096  4528  4960   424    10   442   874
  1306  1738  2170  2602  3034  3466  3898  4330  4762   226   658  1090
  1522  1954  2386  2818  3250  3682  4114  4546  4978    10    11   443
   875  1307  1739  2171  2603  3035  3467  3899  4331  4763   227   659
  1091  1523  1955  2387  2819  3251  3683  4115  4547  4979    11    29
   461   893  1325  1757  2189  2621  3053  3485  3917  4349  4781   245
   677  1109  1541  1973  2405  2837  3269  3701  4133  4565  4997    29
    47   479   911  1343  1775  2207  2639  3071  3503  3935  4367  4799
   263   695  1127  1559  1991  2423  2855  3287  3719  4151  4583  5015
    47    65   497   929  1361  1793  2225  2657  3089  3521  3953  4385
  4817   281   713  1145  1577  2009  2441  2873  3305  3737  4169  4601
  5033    65    83   515   947  1379  1811  2243  2675  3107  3539  3971
  4403  4835   299   731  1163  1595  2027  2459  2891  3323  3755  4187
  4619  5051    83   101   533   965  1397  1829  2261  2693  3125  3557
  3989  4421  4853   317   749  1181  1613  2045  2477  2909  3341  3773
  4205  4637  5069   101   119   551   983  1415  1847  2279  2711  3143
  3575  4007  4439  4871   335   767  1199  1631  2063  2495  2927  3359
  3791  4223  4655  5087   119   137   569  1001  1433  1865  2297  2729
  3161  3593  4025  4457  4889   353   785  1217  1649  2081  2513  2945
  3377  3809  4241  4673  5105   137   155   587  1019  1451  1883  2315
  2747  3179  3611  4043  4475  4907   371   803  1235  1667  2099  2531
  2963  3395  3827  4259  4691  5123   155   173   605  1037  1469  1901
  2333  2765  3197  3629  4061  4493  4925   389   821  1253  1685  2117
  2549  2981  3413  3845  4277  4709  5141   173   191   623  1055  1487
  1919  2351  2783  3215  3647  4079  4511  4943   407   839  1271  1703
  2135  2567  2999  3431  3863  4295  4727  5159   191   209   641  1073
  1505  1937  2369  2801  3233  3665  4097  4529  4961   425   857  1289
  1721  2153  2585  3017  3449  3881  4313  4745  5177   209   227   659
  1091  1523  1955  2387  2819  3251  3683  4115  4547  4979    11   443
   875  1307  1739  2171  2603  3035  3467  3899  4331  4763   227   245
   677  1109  1541  1973  2405  2837  3269  3701  4133  4565  4997    29
   461   893  1325  1757  2189  2621  3053  3485  3917  4349  4781   245
   263   695  1127  1559  1991  2423  2855  3287  3719  4151  4583  5015
    47   479   911  1343  1775  2207  2639  3071  3503  3935  4367  4799
   263   281   713  1145  1577  2009  2441  2873  3305  3737  4169  4601
  5033    65   497   929  1361  1793  2225  2657  3089  3521  3953  4385
  4817   281   299   731  1163  1595  2027  2459  2891  3323  3755  4187
  4619  5051    83   515   947  1379  1811  2243  2675  3107  3539  3971
  4403  4835   299   317   749  1181  1613  2045  2477  2909  3341  3773
  4205  4637  5069   101   533   965  1397  1829  2261  2693  3125  3557
  3989  4421  4853   317   335   767  1199  1631  2063  2495  2927  3359
  3791  4223  4655  5087   119   551   983  1415  1847  2279  2711  3143
  3575  4007  4439  4871   335   353   785  1217  1649  2081  2513  2945
  3377  3809  4241  4673  5105   137   569  1001  1433  1865  2297  2729
  3161  3593  4025  4457  4889   353   371   803  1235  1667  2099  2531
  2963  3395  3827  4259  4691  5123   155   587  1019  1451  1883  2315
  2747  3179  3611  4043  4475  4907   371   389   821  1253  1685  2117
  2549  2981  3413  3845  4277  4709  5141   173   605  1037  1469  1901
  2333  2765  3197  3629  4061  4493  4925   389   407   839  1271  1703
  2135  2567  2999  3431  3863  4295  4727  5159   191   623  1055  1487
  1919  2351  2783  3215  3647  4079  4511  4943   407   425   857  1289
  1721  2153  2585  3017  3449  3881  4313  4745  5177   209   641  1073
  1505  1937  2369  2801  3233  3665  4097  4529  4961   425    11   443
   875  1307  1739  2171  2603  3035  3467  3899  4331  4763   227   659
  1091  1523  1955  2387  2819  3251  3683  4115  4547  4979    11    12
   444   876  1308  1740  2172  2604  3036  3468  3900  4332  4764   228
   660  1092  1524  1956  2388  2820  3252  3684  4116  4548  4980    12
    30   462   894  1326  1758  2190  2622  3054  3486  3918  4350  4782
   246   678  1110  1542  1974  2406  2838  3270  3702  4134  4566  4998
    30    48   480   912  1344  1776  2208  2640  3072  3504  3936  4368
  4800   264   696  1128  1560  1992  2424  2856  3288  3720  4152  4584
  5016    48    66   498   930  1362  1794  2226  2658  3090  3522  3954
  4386  4818   282   714  1146  1578  2010  2442  2874  3306  3738  4170
  4602  5034    66    84   516   948  1380  1812  2244  2676  3108  3540
  3972  4404  4836   300   732  1164  1596  2028  2460  2892  3324  3756
  4188  4620  5052    84   102   534   966  1398  1830  2262  2694  3126
  3558  3990  4422  4854   318   750  1182  1614  2046  2478  2910  3342
  3774  4206  4638  5070   102   120   552   984  1416  1848  2280  2712
  3144  3576  4008  4440  4872   336   768  1200  1632  2064  2496  2928
  3360  3792  4224  4656  5088   120   138   570  1002  1434  1866  2298
  2730  3162  3594  4026  4458  4890   354   786  1218  1650  2082  2514
  2946  3378  3810  4242  4674  5106   138   156   588  1020  1452  1884
  2316  2748  3180  3612  4044  4476  4908   372   804  1236  1668  2100
  2532  2964  3396  3828  4260  4692  5124   156   174   606  1038  1470
  1902  2334  2766  3198  3630  4062  4494  4926   390   822  1254  1686
  2118  2550  2982  3414  3846  4278  4710  5142   174   192   624  1056
  1488  1920  2352  2784  3216  3648  4080  4512  4944   408   840  1272
  1704  2136  2568  3000  3432  3864  4296  4728  5160   192   210   642
  1074  1506  1938  2370  2802  3234  3666  4098  4530  4962   426   858
  1290  1722  2154  2586  3018  3450  3882  4314  4746  5178   210   228
   660  1092  1524  1956  2388  2820  3252  3684  4116  4548  4980    12
   444   876  1308  1740  2172  2604  3036  3468  3900  4332  4764   228
   246   678  1110  1542  1974  2406  2838  3270  3702  4134  4566  4998
    30   462   894  1326  1758  2190  2622  3054  3486  3918  4350  4782
   246   264   696  1128  1560  1992  2424  2856  3288  3720  4152  4584
  5016    48   480   912  1344  1776  2208  2640  3072  3504  3936  4368
  4800   264   282   714  1146  1578  2010  2442  2874  3306  3738  4170
  4602  5034    66   498   930  1362  1794  2226  2658  3090  3522  3954
  4386  4818   282   300   732  1164  1596  2028  2460  2892  3324  3756
  4188  4620  5052    84   516   948  1380  1812  2244  2676  3108  3540
  3972  4404  4836   300   318   750  1182  1614  2046  2478  2910  3342
  3774  4206  4638  5070   102   534   966  1398  1830  2262  2694  3126
  3558  3990  4422  4854   318   336   768  1200  1632  2064  2496  2928
  3360  3792  4224  4656  5088   120   552   984  1416  1848  2280  2712
  3144  3576  4008  4440  4872   336   354   786  1218  1650  2082  2514
  2946  3378  3810  4242  4674  5106   138   570  1002  1434  1866  2298
  2730  3162  3594  4026  4458  4890   354   372   804  1236  1668  2100
  2532  2964  3396  3828  4260  4692  5124   156   588  1020  1452  1884
  2316  2748  3180  3612  4044  4476  4908   372   390   822  1254  1686
  2118  2550  2982  3414  3846  4278  4710  5142   174   606  1038  1470
  1902  2334  2766  3198  3630  4062  4494  4926   390   408   840  1272
  1704  2136  2568  3000  3432  3864  4296  4728  5160   192   624  1056
  1488  1920  2352  2784  3216  3648  4080  4512  4944   408   426   858
  1290  1722  2154  2586  3018  3450  3882  4314  4746  5178   210   642
  1074  1506  1938  2370  2802  3234  3666  4098  4530  4962   426    12
   444   876  1308  1740  2172  2604  3036  3468  3900  4332  4764   228
   660  1092  1524  1956  2388  2820  3252  3684  4116  4548  4980    12
    13   445   877  1309  1741  2173  2605  3037  3469  3901  4333  4765
   229   661  1093  1525  1957  2389  2821  3253  3685  4117  4549  4981
    13    31   463   895  1327  1759  2191  2623  3055  3487  3919  4351
  4783   247   679  1111  1543  1975  2407  2839  3271  3703  4135  4567
  4999    31    49   481   913  1345  1777  2209  2641  3073  3505  3937
  4369  4801   265   697  1129  1561  1993  2425  2857  3289  3721  4153
  4585  5017    49    67   499   931  1363  1795  2227  2659  3091  3523
  3955  4387  4819   283   715  1147  1579  2011  2443  2875  3307  3739
  4171  4603  5035    67    85   517   949  1381  1813  2245  2677  3109
  3541  3973  4405  4837   301   733  1165  1597  2029  2461  2893  3325
  3757  4189  4621  5053    85   103   535   967  1399  1831  2263  2695
  3127  3559  3991  4423  4855   319   751  1183  1615  2047  2479  2911
  3343  3775  4207  4639  5071   103   121   553   985  1417  1849  2281
  2713  3145  3577  4009  4441  4873   337   769  1201  1633  2065  2497
  2929  3361  3793  4225  4657  5089   121   139   571  1003  1435  1867
  2299  2731  3163  3595  4027  4459  4891   355   787  1219  1651  2083
  2515  2947  3379  3811  4243  4675  5107   139   157   589  1021  1453
  1885  2317  2749  3181  3613  4045  4477  4909   373   805  1237  1669
  2101  2533  2965  3397  3829  4261  4693  5125   157   175   607  1039
  1471  1903  2335  2767  3199  3631  4063  4495  4927   391   823  1255
  1687  2119  2551  2983  3415  3847  4279  4711  5143   175   193   625
  1057  1489  1921  2353  2785  3217  3649  4081  4513  4945   409   841
  1273  1705  2137  2569  3001  3433  3865  4297  4729  5161   193   211
   643  1075  1507  1939  2371  2803  3235  3667  4099  4531  4963   427
   859  1291  1723  2155  2587  3019  3451  3883  4315  4747  5179   211
   229   661  1093  1525  1957  2389  2821  3253  3685  4117  4549  4981
    13   445   877  1309  1741  2173  2605  3037  3469  3901  4333  4765
   229   247   679  1111  1543  1975  2407  2839  3271  3703  4135  4567
  4999    31   463   895  1327  1759  2191  2623  3055  3487  3919  4351
  4783   247   265   697  1129  1561  1993  2425  2857  3289  3721  4153
  4585  5017    49   481   913  1345  1777  2209  2641  3073  3505  3937
  4369  4801   265   283   715  1147  1579  2011  2443  2875  3307  3739
  4171  4603  5035    67   499   931  1363  1795  2227  2659  3091  3523
  3955  4387  4819   283   301   733  1165  1597  2029  2461  2893  3325
  3757  4189  4621  5053    85   517   949  1381  1813  2245  2677  3109
  3541  3973  4405  4837   301   319   751  1183  1615  2047  2479  2911
  3343  3775  4207  4639  5071   103   535   967  1399  1831  2263  2695
  3127  3559  3991  4423  4855   319   337   769  1201  1633  2065  2497
  2929  3361  3793  4225  4657  5089   121   553   985  1417  1849  2281
  2713  3145  3577  4009  4441  4873   337   355   787  1219  1651  2083
  2515  2947  3379  3811  4243  4675  5107   139   571  1003  1435  1867
  2299  2731  3163  3595  4027  4459  4891   355   373   805  1237  1669
  2101  2533  2965  3397  3829  4261  4693  5125   157   589  1021  1453
  1885  2317  2749  3181  3613  4045  4477  4909   373   391   823  1255
  1687  2119  2551  2983  3415  3847  4279  4711  5143   175   607  1039
  1471  1903  2335  2767  3199  3631  4063  4495  4927   391   409   841
  1273  1705  2137  2569  3001  3433  3865  4297  4729  5161   193   625
  1057  1489  1921  2353  2785  3217  3649  4081  4513  4945   409   427
   859  1291  1723  2155  2587  3019  3451  3883  4315  4747  5179   211
   643  1075  1507  1939  2371  2803  3235  3667  4099  4531  4963   427
    13   445   877  1309  1741  2173  2605  3037  3469  3901  4333  4765
   229   661  1093  1525  1957  2389  2821  3253  3685  4117  4549  4981
    13    14   446   878  1310  1742  2174  2606  3038  3470  3902  4334
  4766   230   662  1094  1526  1958  2390  2822  3254  3686  4118  4550
  4982    14    32   464   896  1328  1760  2192  2624  3056  3488  3920
  4352  4784   248   680  1112  1544  1976  2408  2840  3272  3704  4136
  4568  5000    32    50   482   914  1346  1778  2210  2642  3074  3506
  3938  4370  4802   266   698  1130  1562  1994  2426  2858  3290  3722
  4154  4586  5018    50    68   500   932  1364  1796  2228  2660  3092
  3524  3956  4388  4820   284   716  1148  1580  2012  2444  2876  3308
  3740  4172  4604  5036    68    86   518   950  1382  1814  2246  2678
  3110  3542  3974  4406  4838   302   734  1166  1598  2030  2462  2894
  3326  3758  4190  4622  5054    86   104   536   968  1400  1832  2264
  2696  3128  3560  3992  4424  4856   320   752  1184  1616  2048  2480
  2912  3344  3776  4208  4640  5072   104   122   554   986  1418  1850
  2282  2714  3146  3578  4010  4442  4874   338   770  1202  1634  2066
  2498  2930  3362  3794  4226  4658  5090   122   140   572  1004  1436
  1868  2300  2732  3164  3596  4028  4460  4892   356   788  1220  1652
  2084  2516  2948  3380  3812  4244  4676  5108   140   158   590  1022
  1454  1886  2318  2750  3182  3614  4046  4478  4910   374   806  1238
  1670  2102  2534  2966  3398  3830  4262  4694  5126   158   176   608
  1040  1472  1904  2336  2768  3200  3632  4064  4496  4928   392   824
  1256  1688  2120  2552  2984  3416  3848  4280  4712  5144   176   194
   626  1058  1490  1922  2354  2786  3218  3650  4082  4514  4946   410
   842  1274  1706  2138  2570  3002  3434  3866  4298  4730  5162   194
   212   644  1076  1508  1940  2372  2804  3236  3668  4100  4532  4964
   428   860  1292  1724  2156  2588  3020  3452  3884  4316  4748  5180
   212   230   662  1094  1526  1958  2390  2822  3254  3686  4118  4550
  4982    14   446   878  1310  1742  2174  2606  3038  3470  3902  4334
  4766   230   248   680  1112  1544  1976  2408  2840  3272  3704  4136
  4568  5000    32   464   896  1328  1760  2192  2624  3056  3488  3920
  4352  4784   248   266   698  1130  1562  1994  2426  2858  3290  3722
  4154  4586  5018    50   482   914  1346  1778  2210  2642  3074  3506
  3938  4370  4802   266   284   716  1148  1580  2012  2444  2876  3308
  3740  4172  4604  5036    68   500   932  1364  1796  2228  2660  3092
  3524  3956  4388  4820   284   302   734  1166  1598  2030  2462  2894
  3326  3758  4190  4622  5054    86   518   950  1382  1814  2246  2678
  3110  3542  3974  4406  4838   302   320   752  1184  1616  2048  2480
  2912  3344  3776  4208  4640  5072   104   536   968  1400  1832  2264
  2696  3128  3560  3992  4424  4856   320   338   770  1202  1634  2066
  2498  2930  3362  3794  4226  4658  5090   122   554   986  1418  1850
  2282  2714  3146  3578  4010  4442  4874   338   356   788  1220  1652
  2084  2516  2948  3380  3812  4244  4676  5108   140   572  1004  1436
  1868  2300  2732  3164  3596  4028  4460  4892   356   374   806  1238
  1670  2102  2534  2966  3398  3830  4262  4694  5126   158   590  1022
  1454  1886  2318  2750  3182  3614  4046  4478  4910   374   392   824
  1256  1688  2120  2552  2984  3416  3848  4280  4712  5144   176   608
  1040  1472  1904  2336  2768  3200  3632  4064  4496  4928   392   410
   842  1274  1706  2138  2570  3002  3434  3866  4298  4730  5162   194
   626  1058  1490  1922  2354  2786  3218  3650  4082  4514  4946   410
   428   860  1292  1724  2156  2588  3020  3452  3884  4316  4748  5180
   212   644  1076  1508  1940  2372  2804  3236  3668  4100  4532  4964
   428    14   446   878  1310  1742  2174  2606  3038  3470  3902  4334
  4766   230   662  1094  1526  1958  2390  2822  3254  3686  4118  4550
  4982    14    15   447   879  1311  1743  2175  2607  3039  3471  3903
  4335  4767   231   663  1095  1527  1959  2391  2823  3255  3687  4119
  4551  4983    15    33   465   897  1329  1761  2193  2625  3057  3489
  3921  4353  4785   249   681  1113  1545  1977  2409  2841  3273  3705
  4137  4569  5001    33    51   483   915  1347  1779  2211  2643  3075
  3507  3939  4371  4803   267   699  1131  1563  1995  2427  2859  3291
  3723  4155  4587  5019    51    69   501   933  1365  1797  2229  2661
  3093  3525  3957  4389  4821   285   717  1149  1581  2013  2445  2877
  3309  3741  4173  4605  5037    69    87   519   951  1383  1815  2247
  2679  3111  3543  3975  4407  4839   303   735  1167  1599  2031  2463
  2895  3327  3759  4191  4623  5055    87   105   537   969  1401  1833
  2265  2697  3129  3561  3993  4425  4857   321   753  1185  1617  2049
  2481  2913  3345  3777  4209  4641  5073   105   123   555   987  1419
  1851  2283  2715  3147  3579  4011  4443  4875   339   771  1203  1635
  2067  2499  2931  3363  3795  4227  4659  5091   123   141   573  1005
  1437  1869  2301  2733  3165  3597  4029  4461  4893   357   789  1221
  1653  2085  2517  2949  3381  3813  4245  4677  5109   141   159   591
  1023  1455  1887  2319  2751  3183  3615  4047  4479  4911   375   807
  1239  1671  2103  2535  2967  3399  3831  4263  4695  5127   159   177
   609  1041  1473  1905  2337  2769  3201  3633  4065  4497  4929   393
   825  1257  1689  2121  2553  2985  3417  3849  4281  4713  5145   177
   195   627  1059  1491  1923  2355  2787  3219  3651  4083  4515  4947
   411   843  1275  1707  2139  2571  3003  3435  3867  4299  4731  5163
   195   213   645  1077  1509  1941  2373  2805  3237  3669  4101  4533
  4965   429   861  1293  1725  2157  2589  3021  3453  3885  4317  4749
  5181   213   231   663  1095  1527  1959  2391  2823  3255  3687  4119
  4551  4983    15   447   879  1311  1743  2175  2607  3039  3471  3903
  4335  4767   231   249   681  1113  1545  1977  2409  2841  3273  3705
  4137  4569  5001    33   465   897  1329  1761  2193  2625  3057  3489
  3921  4353  4785   249   267   699  1131  1563  1995  2427  2859  3291
  3723  4155  4587  5019    51   483   915  1347  1779  2211  2643  3075
  3507  3939  4371  4803   267   285   717  1149  1581  2013  2445  2877
  3309  3741  4173  4605  5037    69   501   933  1365  1797  2229  2661
  3093  3525  3957  4389  4821   285   303   735  1167  1599  2031  2463
  2895  3327  3759  4191  4623  5055    87   519   951  1383  1815  2247
  2679  3111  3543  3975  4407  4839   303   321   753  1185  1617  2049
  2481  2913  3345  3777  4209  4641  5073   105   537   969  1401  1833
  2265  2697  3129  3561  3993  4425  4857   321   339   771  1203  1635
  2067  2499  2931  3363  3795  4227  4659  5091   123   555   987  1419
  1851  2283  2715  3147  3579  4011  4443  4875   339   357   789  1221
  1653  2085  2517  2949  3381  3813  4245  4677  5109   141   573  1005
  1437  1869  2301  2733  3165  3597  4029  4461  4893   357   375   807
  1239  1671  2103  2535  2967  3399  3831  4263  4695  5127   159   591
  1023  1455  1887  2319  2751  3183  3615  4047  4479  4911   375   393
   825  1257  1689  2121  2553  2985  3417  3849  4281  4713  5145   177
   609  1041  1473  1905  2337  2769  3201  3633  4065  4497  4929   393
   411   843  1275  1707  2139  2571  3003  3435  3867  4299  4731  5163
   195   627  1059  1491  1923  2355  2787  3219  3651  4083  4515  4947
   411   429   861  1293  1725  2157  2589  3021  3453  3885  4317  4749
  5181   213   645  1077  1509  1941  2373  2805  3237  3669  4101  4533
  4965   429    15   447   879  1311  1743  2175  2607  3039  3471  3903
  4335  4767   231   663  1095  1527  1959  2391  2823  3255  3687  4119
  4551  4983    15    16   448   880  1312  1744  2176  2608  3040  3472
  3904  4336  4768   232   664  1096  1528  1960  2392  2824  3256  3688
  4120  4552  4984    16    34   466   898  1330  1762  2194  2626  3058
  3490  3922  4354  4786   250   682  1114  1546  1978  2410  2842  3274
  3706  4138  4570  5002    34    52   484   916  1348  1780  2212  2644
  3076  3508  3940  4372  4804   268   700  1132  1564  1996  2428  2860
  3292  3724  4156  4588  5020    52    70   502   934  1366  1798  2230
  2662  3094  3526  3958  4390  4822   286   718  1150  1582  2014  2446
  2878  3310  3742  4174  4606  5038    70    88   520   952  1384  1816
  2248  2680  3112  3544  3976  4408  4840   304   736  1168  1600  2032
  2464  2896  3328  3760  4192  4624  5056    88   106   538   970  1402
  1834  2266  2698  3130  3562  3994  4426  4858   322   754  1186  1618
  2050  2482  2914  3346  3778  4210  4642  5074   106   124   556   988
  1420  1852  2284  2716  3148  3580  4012  4444  4876   340   772  1204
  1636  2068  2500  2932  3364  3796  4228  4660  5092   124   142   574
  1006  1438  1870  2302  2734  3166  3598  4030  4462  4894   358   790
  1222  1654  2086  2518  2950  3382  3814  4246  4678  5110   142   160
   592  1024  1456  1888  2320  2752  3184  3616  4048  4480  4912   376
   808  1240  1672  2104  2536  2968  3400  3832  4264  4696  5128   160
   178   610  1042  1474  1906  2338  2770  3202  3634  4066  4498  4930
   394   826  1258  1690  2122  2554  2986  3418  3850  4282  4714  5146
   178   196   628  1060  1492  1924  2356  2788  3220  3652  4084  4516
  4948   412   844  1276  1708  2140  2572  3004  3436  3868  4300  4732
  5164   196   214   646  1078  1510  1942  2374  2806  3238  3670  4102
  4534  4966   430   862  1294  1726  2158  2590  3022  3454  3886  4318
  4750  5182   214   232   664  1096  1528  1960  2392  2824  3256  3688
  4120  4552  4984    16   448   880  1312  1744  2176  2608  3040  3472
  3904  4336  4768   232   250   682  1114  1546  1978  2410  2842  3274
  3706  4138  4570  5002    34   466   898  1330  1762  2194  2626  3058
  3490  3922  4354  4786   250   268   700  1132  1564  1996  2428  2860
  3292  3724  4156  4588  5020    52   484   916  1348  1780  2212  2644
  3076  3508  3940  4372  4804   268   286   718  1150  1582  2014  2446
  2878  3310  3742  4174  4606  5038    70   502   934  1366  1798  2230
  2662  3094  3526  3958  4390  4822   286   304   736  1168  1600  2032
  2464  2896  3328  3760  4192  4624  5056    88   520   952  1384  1816
  2248  2680  3112  3544  3976  4408  4840   304   322   754  1186  1618
  2050  2482  2914  3346  3778  4210  4642  5074   106   538   970  1402
  1834  2266  2698  3130  3562  3994  4426  4858   322   340   772  1204
  1636  2068  2500  2932  3364  3796  4228  4660  5092   124   556   988
  1420  1852  2284  2716  3148  3580  4012  4444  4876   340   358   790
  1222  1654  2086  2518  2950  3382  3814  4246  4678  5110   142   574
  1006  1438  1870  2302  2734  3166  3598  4030  4462  4894   358   376
   808  1240  1672  2104  2536  2968  3400  3832  4264  4696  5128   160
   592  1024  1456  1888  2320  2752  3184  3616  4048  4480  4912   376
   394   826  1258  1690  2122  2554  2986  3418  3850  4282  4714  5146
   178   610  1042  1474  1906  2338  2770  3202  3634  4066  4498  4930
   394   412   844  1276  1708  2140  2572  3004  3436  3868  4300  4732
  5164   196   628  1060  1492  1924  2356  2788  3220  3652  4084  4516
  4948   412   430   862  1294  1726  2158  2590  3022  3454  3886  4318
  4750  5182   214   646  1078  1510  1942  2374  2806  3238  3670  4102
  4534  4966   430    16   448   880  1312  1744  2176  2608  3040  3472
  3904  4336  4768   232   664  1096  1528  1960  2392  2824  3256  3688
  4120  4552  4984    16    17   449   881  1313  1745  2177  2609  3041
  3473  3905  4337  4769   233   665  1097  1529  1961  2393  2825  3257
  3689  4121  4553  4985    17    35   467   899  1331  1763  2195  2627
  3059  3491  3923  4355  4787   251   683  1115  1547  1979  2411  2843
  3275  3707  4139  4571  5003    35    53   485   917  1349  1781  2213
  2645  3077  3509  3941  4373  4805   269   701  1133  1565  1997  2429
  2861  3293  3725  4157  4589  5021    53    71   503   935  1367  1799
  2231  2663  3095  3527  3959  4391  4823   287   719  1151  1583  2015
  2447  2879  3311  3743  4175  4607  5039    71    89   521   953  1385
  1817  2249  2681  3113  3545  3977  4409  4841   305   737  1169  1601
  2033  2465  2897  3329  3761  4193  4625  5057    89   107   539   971
  1403  1835  2267  2699  3131  3563  3995  4427  4859   323   755  1187
  1619  2051  2483  2915  3347  3779  4211  4643  5075   107   125   557
   989  1421  1853  2285  2717  3149  3581  4013  4445  4877   341   773
  1205  1637  2069  2501  2933  3365  3797  4229  4661  5093   125   143
   575  1007  1439  1871  2303  2735  3167  3599  4031  4463  4895   359
   791  1223  1655  2087  2519  2951  3383  3815  4247  4679  5111   143
   161   593  1025  1457  1889  2321  2753  3185  3617  4049  4481  4913
   377   809  1241  1673  2105  2537  2969  3401  3833  4265  4697  5129
   161   179   611  1043  1475  1907  2339  2771  3203  3635  4067  4499
  4931   395   827  1259  1691  2123  2555  2987  3419  3851  4283  4715
  5147   179   197   629  1061  1493  1925  2357  2789  3221  3653  4085
  4517  4949   413   845  1277  1709  2141  2573  3005  3437  3869  4301
  4733  5165   197   215   647  1079  1511  1943  2375  2807  3239  3671
  4103  4535  4967   431   863  1295  1727  2159  2591  3023  3455  3887
  4319  4751  5183   215   233   665  1097  1529  1961  2393  2825  3257
  3689  4121  4553  4985    17   449   881  1313  1745  2177  2609  3041
  3473  3905  4337  4769   233   251   683  1115  1547  1979  2411  2843
  3275  3707  4139  4571  5003    35   467   899  1331  1763  2195  2627
  3059  3491  3923  4355  4787   251   269   701  1133  1565  1997  2429
  2861  3293  3725  4157  4589  5021    53   485   917  1349  1781  2213
  2645  3077  3509  3941  4373  4805   269   287   719  1151  1583  2015
  2447  2879  3311  3743  4175  4607  5039    71   503   935  1367  1799
  2231  2663  3095  3527  3959  4391  4823   287   305   737  1169  1601
  2033  2465  2897  3329  3761  4193  4625  5057    89   521   953  1385
  1817  2249  2681  3113  3545  3977  4409  4841   305   323   755  1187
  1619  2051  2483  2915  3347  3779  4211  4643  5075   107   539   971
  1403  1835  2267  2699  3131  3563  3995  4427  4859   323   341   773
  1205  1637  2069  2501  2933  3365  3797  4229  4661  5093   125   557
   989  1421  1853  2285  2717  3149  3581  4013  4445  4877   341   359
   791  1223  1655  2087  2519  2951  3383  3815  4247  4679  5111   143
   575  1007  1439  1871  2303  2735  3167  3599  4031  4463  4895   359
   377   809  1241  1673  2105  2537  2969  3401  3833  4265  4697  5129
   161   593  1025  1457  1889  2321  2753  3185  3617  4049  4481  4913
   377   395   827  1259  1691  2123  2555  2987  3419  3851  4283  4715
  5147   179   611  1043  1475  1907  2339  2771  3203  3635  4067  4499
  4931   395   413   845  1277  1709  2141  2573  3005  3437  3869  4301
  4733  5165   197   629  1061  1493  1925  2357  2789  3221  3653  4085
  4517  4949   413   431   863  1295  1727  2159  2591  3023  3455  3887
  4319  4751  5183   215   647  1079  1511  1943  2375  2807  3239  3671
  4103  4535  4967   431    17   449   881  1313  1745  2177  2609  3041
  3473  3905  4337  4769   233   665  1097  1529  1961  2393  2825  3257
  3689  4121  4553  4985    17    18   450   882  1314  1746  2178  2610
  3042  3474  3906  4338  4770   234   666  1098  1530  1962  2394  2826
  3258  3690  4122  4554  4986    18    36   468   900  1332  1764  2196
  2628  3060  3492  3924  4356  4788   252   684  1116  1548  1980  2412
  2844  3276  3708  4140  4572  5004    36    54   486   918  1350  1782
  2214  2646  3078  3510  3942  4374  4806   270   702  1134  1566  1998
  2430  2862  3294  3726  4158  4590  5022    54    72   504   936  1368
  1800  2232  2664  3096  3528  3960  4392  4824   288   720  1152  1584
  2016  2448  2880  3312  3744  4176  4608  5040    72    90   522   954
  1386  1818  2250  2682  3114  3546  3978  4410  4842   306   738  1170
  1602  2034  2466  2898  3330  3762  4194  4626  5058    90   108   540
   972  1404  1836  2268  2700  3132  3564  3996  4428  4860   324   756
  1188  1620  2052  2484  2916  3348  3780  4212  4644  5076   108   126
   558   990  1422  1854  2286  2718  3150  3582  4014  4446  4878   342
   774  1206  1638  2070  2502  2934  3366  3798  4230  4662  5094   126
   144   576  1008  1440  1872  2304  2736  3168  3600  4032  4464  4896
   360   792  1224  1656  2088  2520  2952  3384  3816  4248  4680  5112
   144   162   594  1026  1458  1890  2322  2754  3186  3618  4050  4482
  4914   378   810  1242  1674  2106  2538  2970  3402  3834  4266  4698
  5130   162   180   612  1044  1476  1908  2340  2772  3204  3636  4068
  4500  4932   396   828  1260  1692  2124  2556  2988  3420  3852  4284
  4716  5148   180   198   630  1062  1494  1926  2358  2790  3222  3654
  4086  4518  4950   414   846  1278  1710  2142  2574  3006  3438  3870
  4302  4734  5166   198   216   648  1080  1512  1944  2376  2808  3240
  3672  4104  4536  4968   432   864  1296  1728  2160  2592  3024  3456
  3888  4320  4752  5184   216   234   666  1098  1530  1962  2394  2826
  3258  3690  4122  4554  4986    18   450   882  1314  1746  2178  2610
  3042  3474  3906  4338  4770   234   252   684  1116  1548  1980  2412
  2844  3276  3708  4140  4572  5004    36   468   900  1332  1764  2196
  2628  3060  3492  3924  4356  4788   252   270   702  1134  1566  1998
  2430  2862  3294  3726  4158  4590  5022    54   486   918  1350  1782
  2214  2646  3078  3510  3942  4374  4806   270   288   720  1152  1584
  2016  2448  2880  3312  3744  4176  4608  5040    72   504   936  1368
  1800  2232  2664  3096  3528  3960  4392  4824   288   306   738  1170
  1602  2034  2466  2898  3330  3762  4194  4626  5058    90   522   954
  1386  1818  2250  2682  3114  3546  3978  4410  4842   306   324   756
  1188  1620  2052  2484  2916  3348  3780  4212  4644  5076   108   540
   972  1404  1836  2268  2700  3132  3564  3996  4428  4860   324   342
   774  1206  1638  2070  2502  2934  3366  3798  4230  4662  5094   126
   558   990  1422  1854  2286  2718  3150  3582  4014  4446  4878   342
   360   792  1224  1656  2088  2520  2952  3384  3816  4248  4680  5112
   144   576  1008  1440  1872  2304  2736  3168  3600  4032  4464  4896
   360   378   810  1242  1674  2106  2538  2970  3402  3834  4266  4698
  5130   162   594  1026  1458  1890  2322  2754  3186  3618  4050  4482
  4914   378   396   828  1260  1692  2124  2556  2988  3420  3852  4284
  4716  5148   180   612  1044  1476  1908  2340  2772  3204  3636  4068
  4500  4932   396   414   846  1278  1710  2142  2574  3006  3438  3870
  4302  4734  5166   198   630  1062  1494  1926  2358  2790  3222  3654
  4086  4518  4950   414   432   864  1296  1728  2160  2592  3024  3456
  3888  4320  4752  5184   216   648  1080  1512  1944  2376  2808  3240
  3672  4104  4536  4968   432    18   450   882  1314  1746  2178  2610
  3042  3474  3906  4338  4770   234   666  1098  1530  1962  2394  2826
  3258  3690  4122  4554  4986    18     1   433   865  1297  1729  2161
  2593  3025  3457  3889  4321  4753   217   649  1081  1513  1945  2377
  2809  3241  3673  4105  4537  4969     1    19   451   883  1315  1747
  2179  2611  3043  3475  3907  4339  4771   235   667  1099  1531  1963
  2395  2827  3259  3691  4123  4555  4987    19    37   469   901  1333
  1765  2197  2629  3061  3493  3925  4357  4789   253   685  1117  1549
  1981  2413  2845  3277  3709  4141  4573  5005    37    55   487   919
  1351  1783  2215  2647  3079  3511  3943  4375  4807   271   703  1135
  1567  1999  2431  2863  3295  3727  4159  4591  5023    55    73   505
   937  1369  1801  2233  2665  3097  3529  3961  4393  4825   289   721
  1153  1585  2017  2449  2881  3313  3745  4177  4609  5041    73    91
   523   955  1387  1819  2251  2683  3115  3547  3979  4411  4843   307
   739  1171  1603  2035  2467  2899  3331  3763  4195  4627  5059    91
   109   541   973  1405  1837  2269  2701  3133  3565  3997  4429  4861
   325   757  1189  1621  2053  2485  2917  3349  3781  4213  4645  5077
   109   127   559   991  1423  1855  2287  2719  3151  3583  4015  4447
  4879   343   775  1207  1639  2071  2503  2935  3367  3799  4231  4663
  5095   127   145   577  1009  1441  1873  2305  2737  3169  3601  4033
  4465  4897   361   793  1225  1657  2089  2521  2953  3385  3817  4249
  4681  5113   145   163   595  1027  1459  1891  2323  2755  3187  3619
  4051  4483  4915   379   811  1243  1675  2107  2539  2971  3403  3835
  4267  4699  5131   163   181   613  1045  1477  1909  2341  2773  3205
  3637  4069  4501  4933   397   829  1261  1693  2125  2557  2989  3421
  3853  4285  4717  5149   181   199   631  1063  1495  1927  2359  2791
  3223  3655  4087  4519  4951   415   847  1279  1711  2143  2575  3007
  3439  3871  4303  4735  5167   199   217   649  1081  1513  1945  2377
  2809  3241  3673  4105  4537  4969     1   433   865  1297  1729  2161
  2593  3025  3457  3889  4321  4753   217   235   667  1099  1531  1963
  2395  2827  3259  3691  4123  4555  4987    19   451   883  1315  1747
  2179  2611  3043  3475  3907  4339  4771   235   253   685  1117  1549
  1981  2413  2845  3277  3709  4141  4573  5005    37   469   901  1333
  1765  2197  2629  3061  3493  3925  4357  4789   253   271   703  1135
  1567  1999  2431  2863  3295  3727  4159  4591  5023    55   487   919
  1351  1783  2215  2647  3079  3511  3943  4375  4807   271   289   721
  1153  1585  2017  2449  2881  3313  3745  4177  4609  5041    73   505
   937  1369  1801  2233  2665  3097  3529  3961  4393  4825   289   307
   739  1171  1603  2035  2467  2899  3331  3763  4195  4627  5059    91
   523   955  1387  1819  2251  2683  3115  3547  3979  4411  4843   307
   325   757  1189  1621  2053  2485  2917  3349  3781  4213  4645  5077
   109   541   973  1405  1837  2269  2701  3133  3565  3997  4429  4861
   325   343   775  1207  1639  2071  2503  2935  3367  3799  4231  4663
  5095   127   559   991  1423  1855  2287  2719  3151  3583  4015  4447
  4879   343   361   793  1225  1657  2089  2521  2953  3385  3817  4249
  4681  5113   145   577  1009  1441  1873  2305  2737  3169  3601  4033
  4465  4897   361   379   811  1243  1675  2107  2539  2971  3403  3835
  4267  4699  5131   163   595  1027  1459  1891  2323  2755  3187  3619
  4051  4483  4915   379   397   829  1261  1693  2125  2557  2989  3421
  3853  4285  4717  5149   181   613  1045  1477  1909  2341  2773  3205
  3637  4069  4501  4933   397   415   847  1279  1711  2143  2575  3007
  3439  3871  4303  4735  5167   199   631  1063  1495  1927  2359  2791
  3223  3655  4087  4519  4951   415     1   433   865  1297  1729  2161
  2593  3025  3457  3889  4321  4753   217   649  1081  1513  1945  2377
  2809  3241  3673  4105  4537  4969     1
